IID	PC1	PC2	PC3	PC4	PC5
tsk_0	8.693038	1.9431002	-0.22808704	1.4824978	0.67960536
tsk_10	-3.2326548	1.8452504	1.2360114	1.7870774	0.582055
tsk_15	8.944367	2.0363684	1.9097551	1.8850837	-0.6243803
tsk_16	7.8746276	2.7531762	1.9572071	-0.6847588	1.1376969
tsk_19	7.0218873	1.4018253	-2.3907719	0.11759207	-2.09607
tsk_25	9.257658	-0.08890445	-1.0717007	-1.3020878	-0.10660707
tsk_26	9.95077	1.6882118	0.9829763	-0.9792511	-0.48711058
tsk_27	9.5372095	-1.6999297	-0.22075377	-2.127607	-0.7871912
tsk_29	10.131935	0.8493764	-1.2426064	0.30928084	-0.5800534
tsk_45	9.277584	0.44106552	0.60980594	-0.77996504	-0.34836492
tsk_47	9.124241	-0.44497076	1.1129001	-1.1658155	0.26472282
tsk_49	8.404576	-0.93015456	0.1468399	-0.118683904	-0.9744133
tsk_51	-1.4921874	-1.1706214	-5.0700936	4.47524	0.56916404
tsk_56	6.949167	1.4400213	1.0341179	3.062272	-0.974035
tsk_60	-0.14437258	-7.2232757	-1.6160972	-0.8830888	2.4024787
tsk_65	9.508764	-1.8078376	0.47767803	-1.0792326	-0.652547
tsk_67	0.5640492	-6.2329826	3.6983123	-1.7224964	2.469935
tsk_68	0.8781979	-4.822239	2.334925	2.8453462	1.8191544
tsk_76	-2.6881118	0.34472668	0.8862424	-0.057302512	1.2571747
tsk_83	-1.1632333	-1.090555	-1.2161798	-0.14049014	-5.2342453
tsk_88	-2.5540218	0.11939376	0.6301093	2.9118674	0.8487553
tsk_93	-3.8760953	-3.8242157	0.44744405	1.6004714	-1.0675983
tsk_97	-4.961178	3.8328426	4.9901195	1.51136	0.7648002
tsk_99	-3.3080132	1.5628523	4.1949854	-0.42062563	4.569942
tsk_101	-1.3422171	-5.409563	-0.27093247	-2.0202572	1.2438643
tsk_111	-0.711177	-4.7040176	1.8901507	1.766846	-1.8371024
tsk_127	1.264264	-0.948699	0.24869543	2.1768904	-3.1511347
tsk_134	-1.1599965	-5.9109125	-0.8481077	-0.75262564	-0.4301267
tsk_146	0.15438952	2.3428857	-1.4079143	-2.0848322	-1.7412157
tsk_153	-1.1297427	-2.1662	0.8546112	-1.1548803	1.4877232
tsk_178	9.152139	0.81152934	1.6063712	-1.029389	-2.3641436
tsk_272	1.3578296	-6.644465	0.0928714	-1.7065339	0.18432204
tsk_276	1.0304509	-5.9544287	0.67041314	-1.5823344	2.8306828
tsk_286	0.7264045	-6.3154078	-1.127217	-0.9967905	0.12891848
tsk_287	-1.8889065	-0.66670513	5.327196	1.1579772	2.2744217
tsk_289	0.15974654	-3.8346684	0.40966046	-2.0969534	3.9468153
tsk_298	-2.6070654	-4.462349	-0.9784835	1.231109	0.32643655
tsk_329	-1.0432942	-3.315117	-1.5195976	1.6852384	-0.1425987
tsk_332	0.5801076	-5.832624	2.5061545	2.5856943	2.9552157
tsk_335	-0.54541516	-2.3546057	-1.7289629	1.0888288	1.3411345
tsk_336	-4.7632384	0.9944077	1.3649428	4.547423	0.8486083
tsk_342	1.1182551	-4.0680566	-1.7009795	1.1938429	0.023084814
tsk_344	-1.7752508	-0.90430886	-0.8989636	-0.031175865	1.0471377
tsk_349	-0.68997425	-1.1781988	0.43358767	4.3048143	5.0947757
tsk_350	-5.445904	0.46235535	3.090861	4.0270004	-1.1154231
tsk_354	-2.474255	-1.336261	0.692103	-2.629666	-0.26898837
tsk_355	-1.4224037	1.393666	-0.09806291	3.559766	1.093649
tsk_359	-2.1085484	-1.0471605	-0.63859993	3.1566067	-3.5659244
tsk_364	-0.7055334	-2.227546	2.2253404	-1.0976652	0.74988264
tsk_365	-1.742927	-3.7424788	3.2509003	4.242323	-2.3812306
tsk_371	-3.2263718	1.6535366	-3.777724	0.5088008	0.0047259904
tsk_372	-1.2745894	-1.4515021	-4.27069	4.5319476	0.3648991
tsk_375	-2.7229578	3.0413826	-3.4043605	0.8327606	1.7706426
tsk_376	-2.1733136	3.0534794	0.5557673	-1.2704092	0.8599304
tsk_377	-0.22256245	-2.8137965	-0.73575157	-1.3669766	0.5672867
tsk_378	-2.5641317	1.3513937	1.8148937	4.5447617	2.4438171
tsk_379	-6.310329	1.6605755	5.354146	1.8849564	0.35062322
tsk_381	-3.3287604	0.6862638	-0.31399176	-0.6139093	-3.568093
tsk_385	-5.0090394	5.793714	-2.6957707	-0.043389928	3.9927332
tsk_386	-3.313143	-1.1950488	0.093574725	1.5552034	-3.662971
tsk_395	-3.5416162	0.12702435	-1.6280916	0.38958296	0.75969
tsk_397	-4.298675	-2.1782172	4.188351	1.4919938	-1.348371
tsk_399	-1.2319933	-2.3547313	-2.0445874	-1.4339164	3.5988479
tsk_400	-1.5251185	-1.6764531	-0.391422	0.57009095	-0.2583776
tsk_402	-2.882344	0.39488223	-3.5486863	4.7598844	0.96475
tsk_403	-3.1873193	-1.4356588	4.894216	4.1959786	-0.5104457
tsk_405	-4.910548	1.2644556	5.032764	1.901987	0.836961
tsk_406	-4.58151	3.2699263	4.272255	-1.5341218	-0.51264346
tsk_409	-3.8484635	4.516784	-1.6149571	-1.2303572	1.7146682
tsk_413	-3.4732585	0.58231324	2.5223033	-4.6406903	-1.171182
tsk_414	-3.4251854	-0.15070355	4.801757	4.2419443	-0.6438577
tsk_415	-3.7678554	1.4140812	-4.1224747	0.72918326	1.3467027
tsk_416	-3.2519562	0.15038884	-5.2994485	1.4492934	-0.71357906
tsk_417	-3.152593	-0.76013464	-5.540427	-1.4086505	-2.097841
tsk_418	-2.4045086	0.09144536	1.6569335	-3.3218427	-2.497332
tsk_419	-2.500822	-1.4654533	-2.22477	3.2660034	-1.8145717
tsk_420	-4.5272374	1.2364347	4.9638352	-2.4660633	-0.5015951
tsk_422	-2.2268758	-0.7941561	-0.024715032	-2.838702	-1.1334556
tsk_424	-0.994682	-1.3687974	-0.31596938	-0.4990998	4.9351835
tsk_425	-3.3054805	0.845319	1.6199541	0.19005819	-0.15044886
tsk_426	-2.600213	1.0260103	-5.0434384	-0.4175831	1.5909107
tsk_428	-2.3266747	2.879542	-2.7773788	1.6044377	1.2360064
tsk_430	-1.9964865	-2.8476949	-4.9684315	3.2384963	-1.1026025
tsk_431	-5.3566356	4.2536917	-3.4844322	0.37525874	3.8304887
tsk_432	-4.297054	1.0708714	-4.915076	-2.5645568	-1.1195527
tsk_434	-4.3253055	1.3953526	-0.45815262	4.1832194	0.04140014
tsk_435	-3.6221733	5.1662345	-0.68940103	-3.3092933	1.0295656
tsk_437	-5.070641	-1.7188386	-4.7855916	2.642625	-0.4250378
tsk_440	-2.5026891	-3.2341337	-5.1420445	-0.17469156	-1.045712
tsk_441	-5.317244	2.1324098	0.11128881	3.544363	-1.2329127
tsk_442	-4.088244	0.5480934	-1.2342383	-1.7947167	-1.2377715
tsk_444	-3.0829315	-0.98048556	-1.2073872	2.8422046	-2.0066078
tsk_447	-4.067815	0.7788161	0.86922413	-0.5166095	1.4805055
tsk_449	-3.581783	0.6854859	-3.3561106	-2.6083536	-1.3268195
tsk_451	-4.57557	5.0953526	1.3544755	0.34746617	1.8542838
tsk_452	-2.5201616	-1.535158	-2.3272164	1.1227298	-2.8311532
tsk_454	-0.33253142	-4.755872	1.5411718	1.0435796	1.5263879
tsk_455	-3.4254525	3.8037872	4.2135186	1.5206407	-0.0654017
tsk_456	-3.8490248	1.0149902	0.41969976	-3.1247647	-1.7105575
tsk_459	-1.660586	-0.54916954	-4.26233	-1.3692384	1.2781408
tsk_461	-4.9606547	1.393501	-3.6440167	0.58216614	-0.62721866
tsk_463	-1.4274374	1.9089227	-1.8182241	2.2887697	3.1129804
tsk_464	-1.3376858	1.5622094	-0.05181236	1.3294426	-0.24586178
tsk_465	-3.5123138	1.4407635	2.1231024	3.4871547	-2.5602746
tsk_466	-2.9759772	-2.1193583	-0.5378896	-2.1893656	-2.2669146
tsk_467	-4.97027	4.06796	-1.3265452	-1.250586	4.547298
tsk_468	-4.832681	0.5481484	1.7904412	-4.328397	0.5970573
tsk_471	-0.9515855	-1.1234187	-2.4051838	-0.56360567	-1.8297964
tsk_472	-4.9421473	2.3573594	1.2085341	-1.3186064	1.8228288
tsk_473	-1.656738	-2.5025783	-1.2512994	0.8500611	-1.8556145
tsk_474	-2.8239634	-0.20009308	-0.7807427	5.3066278	-1.7858423
tsk_476	-2.8646243	-1.9560592	3.0142028	2.2290318	-4.5855303
tsk_479	-5.7900486	3.9340758	4.212557	-1.4043081	-1.5287586
tsk_480	-2.1599746	-1.1355528	-3.4854937	-0.14085966	2.2370694
tsk_481	-1.6394414	-0.11970092	1.2634339	-1.7009751	1.368033
tsk_482	-5.926879	2.8386722	-1.1991726	0.23568198	-3.9510155
tsk_483	-4.068073	-2.0691571	-1.619472	-1.3812448	-3.0685623
tsk_485	-4.4406133	-0.97556955	4.1334176	0.17310727	-3.295935
tsk_491	-4.846429	-0.35302162	3.460755	-0.67834675	-3.569744
tsk_494	-4.9004154	2.0730295	4.264988	0.98585165	-3.4939077
tsk_497	-2.4318378	-0.58268005	-1.1727779	4.7785816	-2.1066582
tsk_502	-2.3302023	-1.1328685	1.8445419	0.29434603	-2.3194582
tsk_503	-4.208902	2.429591	-1.0580484	-5.837664	-0.2005278
tsk_505	-3.8282347	3.3333862	1.6613032	-1.3591329	0.8928438
tsk_514	-1.9025832	2.0979507	-2.1080112	0.3664793	1.8005126
tsk_523	-5.389301	3.1960714	0.56681293	-0.79550755	1.1770763
tsk_524	-4.1072774	2.0143166	2.6527314	1.8798536	-2.1792905
tsk_526	-3.156179	2.9394128	1.6816325	-3.601774	-1.709369
tsk_527	-1.0642307	-4.4476438	-2.136302	-0.43111044	3.763054
tsk_528	-2.1173716	2.6294127	1.8347967	-2.2886426	4.904905
tsk_530	-2.5529714	-2.515602	0.0645825	0.38517797	0.35265696
tsk_531	-3.1975257	-1.1543208	-3.9362354	1.3309886	0.7245384
tsk_535	-2.1175222	1.7689179	-3.3602765	-1.2481958	0.347088
tsk_536	-4.0476904	5.259116	-2.7069945	0.17939784	2.4947276
tsk_545	-2.1848683	1.6780846	1.5866125	-0.9867238	-1.7898635
tsk_557	0.9851792	-5.8326235	-1.3798586	-1.2535056	0.218177
tsk_559	-3.2034032	-0.65149415	0.5769384	1.8215318	-0.22061004
tsk_560	0.18218423	-5.233296	-1.7069526	-0.46872145	1.0022775
tsk_562	-4.018029	0.15260443	0.9931994	2.3548636	1.2305346
tsk_564	-2.7315629	3.5014684	-0.90129924	2.202132	-2.1520398
tsk_572	-4.3724694	0.95621395	-0.3404772	0.054899193	0.72106403
tsk_573	7.0576653	3.2565823	1.9044296	-1.5444163	-0.3952176
tsk_577	1.1248404	1.6785601	-0.6095761	-0.79509443	-0.70561916
tsk_579	-4.1539865	0.4677141	0.45538107	0.43912032	-1.0437342
tsk_581	-2.6755044	1.2817822	-1.4432614	-0.011036559	-0.0543608
tsk_584	-1.1784034	-5.8460627	-2.4330375	-1.4542676	-0.5949031
tsk_589	-1.9679564	0.08885032	-1.8482505	-1.5444323	1.1707311
tsk_591	-1.8166777	-0.40112507	-4.249129	-3.8922915	1.4912041
tsk_598	1.3994786	-0.74685013	-5.549064	0.38693452	-0.746957
tsk_602	9.105347	2.2418368	-4.0176067	0.15088631	-0.24582335
tsk_610	-2.780663	3.166373	-3.6817052	1.3208431	0.67764825
tsk_611	-2.197194	1.1702211	-0.6395396	-1.2751682	-0.26426083
tsk_616	-1.3090434	0.22679871	-0.7977146	0.6526847	-4.2327685
tsk_619	-3.197978	1.5403111	4.3733697	2.1520793	1.9230736
tsk_620	-2.8540375	-0.2561813	-0.54954344	-0.6589124	1.8706636
tsk_621	-1.4341711	-1.4151164	-3.9464114	-3.7728176	-0.53439087
tsk_635	0.1899688	1.7454535	0.06558152	-2.8730302	-4.2116365
tsk_638	-2.3684561	1.7014607	0.8877826	-0.017748747	1.612265
tsk_641	-2.1609702	2.3012958	-0.4310494	-0.8991953	-1.3243793
tsk_672	7.1601534	-1.99145	-2.24176	-1.9247009	-0.7824134
tsk_680	8.852194	0.31365088	-0.8582549	-1.4790604	0.33811885
tsk_682	-0.53647983	1.0317383	-1.2619677	-0.2479896	-2.9263892
tsk_683	-1.7820023	2.0075693	-1.9201406	1.7925857	3.873531
tsk_693	-4.0239844	-0.28649604	-4.6178975	-0.2885742	0.39086565
tsk_694	-2.5051794	0.89661634	-4.615306	0.038373277	1.1760864
tsk_704	-1.5758886	-1.9605438	1.3613341	-1.9865055	-6.471955
tsk_707	-0.115580775	3.4558792	-3.4283042	0.8517254	0.14040564
tsk_718	-3.737893	1.864817	-1.3437263	0.2305456	-1.8659806
tsk_724	-0.9931305	-5.497926	2.2943113	2.906509	0.3308526
tsk_748	-2.748084	0.8863452	4.6617475	3.3299067	0.4365308
tsk_749	-3.660208	2.834375	1.3600502	-0.60859746	3.4964414
tsk_751	9.372943	0.8191664	-1.2822882	-2.3358822	-1.6029598
tsk_752	-0.60040045	-0.93979686	-3.0490665	0.6605301	-3.1687722
tsk_756	-0.53511083	3.5295546	4.9921	-1.937619	-1.3005347
tsk_757	1.7522178	1.6851165	2.0097978	1.9021372	-0.70581496
tsk_759	-0.49764806	5.668532	2.3662126	-3.2096305	-1.1611475
tsk_767	-0.77091056	-2.875387	-5.560169	-1.8675433	-1.9814854
tsk_776	-3.6910584	-0.40748772	2.2764053	3.9527166	1.5425823
tsk_777	-3.184273	-5.2379866	4.274522	3.2020183	-0.67649174
tsk_778	-0.5302501	1.5481688	-1.3101873	-2.413478	-2.9536662
tsk_785	-1.1176238	-4.9267726	-1.5438749	-0.4876777	0.32014155
tsk_787	-3.6233604	1.2989482	-0.25833598	1.2972676	-1.0013455
tsk_794	-0.8288045	2.0368886	0.19670893	-2.169769	-3.52014
tsk_795	1.7362748	1.8201786	1.7378299	-2.7187018	-3.8870156
tsk_797	-2.537215	3.38167	-0.19845904	1.6148565	-1.5388743
tsk_799	-2.6769097	2.2660701	3.400129	-1.0069332	-3.6174428
tsk_1242	-3.6596782	3.8065205	-0.7667905	-2.5646026	0.5258122
tsk_1263	0.6675782	-0.6399134	-2.501242	-2.0038629	-2.4754663
tsk_1267	-0.6019731	0.74414176	4.1811957	3.3508258	-0.3315731
tsk_1282	-1.834109	3.2435331	-0.40956163	-2.2238667	3.3221664
tsk_1316	-2.0734363	1.6941699	1.552993	-2.0997186	2.5741975
tsk_1324	4.700931	0.7597933	2.2488801	3.2848535	3.224717
tsk_1328	-1.1846334	-2.13584	-1.2565216	-0.4991108	-4.6491404
tsk_1329	-1.709312	1.789238	-0.54855806	-1.0560567	2.215594
tsk_1331	-3.336229	1.022307	3.9632044	-0.48551157	-1.7451717
tsk_1333	-1.9258112	-3.1964355	0.255631	-3.3477821	-0.21328638
tsk_1350	-2.617319	-0.727529	-1.7885548	-0.16097115	-2.4982412
tsk_1382	-3.8396513	2.1585164	-1.1109082	-5.3941517	-1.0651153
tsk_1383	1.6157056	-3.953365	2.6672778	-0.03313075	-0.80987483
tsk_1389	-0.4607499	0.42506182	0.77691156	-0.97087866	0.74357146
tsk_1395	-1.0058337	-0.25430456	-2.9593449	-1.2072939	4.6324925
tsk_1415	-4.034837	3.762171	-1.9488642	-2.1954048	3.2171504
tsk_1418	-2.3871737	-1.3114607	-5.696399	1.6475954	-3.4871087
tsk_1422	-1.5028807	-0.7380194	2.0530913	-2.2676744	2.829071
tsk_1452	-1.963128	1.6496339	-4.269239	1.3044242	2.1446104
tsk_1453	-3.8760788	1.7321994	-1.2862524	-1.7432045	-2.075578
tsk_1455	-3.90827	4.9463553	-3.5118172	0.7699647	4.457817
tsk_1463	-3.7720687	2.2355745	-0.24781686	-0.7021332	-0.65342134
tsk_1499	-3.3991303	2.5432212	3.8785348	-2.632036	-2.1734457
tsk_1500	-3.0441668	-2.4902213	-4.8841395	1.6526151	0.25362942
tsk_1522	-0.32591233	-2.4130535	-0.6553571	2.174411	-2.3127825
tsk_1531	-3.603216	3.237547	1.2482592	0.99423856	2.3200612
tsk_1533	-3.3145552	-0.38358855	-0.6171959	-1.7935628	-1.3183801
tsk_1534	-2.3579988	1.322052	-1.158772	3.3718286	-2.5039349
tsk_1536	-4.0409737	-0.536117	0.6897153	-2.693605	-1.4392346
tsk_1538	-3.3865001	4.2240143	-3.5197635	-2.2392905	0.20952493
tsk_1546	-4.202871	3.7789736	-0.76369286	-2.7474947	-1.3785107
tsk_1550	-3.3117194	1.9288658	-0.6927808	1.1990926	0.4228616
tsk_1631	-2.3926518	-1.9609294	3.0918221	-4.339282	-0.7492124
tsk_1646	-1.8891916	-1.7776366	1.8560083	-1.3084797	1.2930177
tsk_1660	-0.41050994	-5.4681535	4.567545	0.02051942	3.177171
tsk_1662	-1.4947561	-3.5361764	2.0059187	-5.503967	3.035021
tsk_1733	-1.9700044	-4.0040708	1.6836907	-2.7416928	3.647905
tsk_1797	-3.4533947	1.8485464	-0.24922538	0.65063405	-0.7611869
tsk_1809	-2.1727316	-3.8642964	5.4445877	-3.426198	2.87285
tsk_1823	-1.5154744	-0.7847948	-1.041734	-1.1898491	3.6891105
tsk_2073	10.959435	0.70074785	-0.27453437	0.2425039	0.046463877
tsk_2074	7.7466087	1.9466473	1.7177467	3.5618362	0.3437665
tsk_2078	9.912743	-0.3916817	0.34956315	-1.7537374	-1.6623918
tsk_2085	9.710258	-0.40816194	0.09404778	0.3129778	0.937835
tsk_2115	8.527582	-1.1613128	-3.4607937	-1.0238171	-0.6990805
tsk_2116	8.553311	-1.8714343	1.4076222	-1.0739499	-0.8530091
tsk_2118	10.161455	-1.3178761	-0.16515699	-0.87995684	-1.0977404
tsk_2120	10.354171	1.7695699	-1.263939	2.2375116	0.19682132
tsk_2124	9.676909	-0.20412122	1.3095106	-2.5111594	-0.26834783
tsk_2126	8.335745	0.8321937	0.83145076	-2.1273673	-0.2637264
tsk_2132	8.713654	0.23349866	-1.9624164	7.5034064E-4	0.056421347
tsk_2136	8.889209	-1.1201462	0.75676894	2.3440273	-0.19361232
tsk_2138	8.069138	0.095889986	-0.40935022	-0.29639116	0.34238327
tsk_2148	9.283479	3.1020575	0.28489915	0.7805072	1.2190486
tsk_2149	10.55911	1.4769992	1.1951755	1.4163412	-1.1134312
tsk_2155	9.427161	0.6880318	2.0725858	0.9054957	0.4616518
tsk_2158	9.468618	0.74582744	2.220419	-0.9129827	0.8618825
tsk_2160	10.39933	1.0641706	0.20544443	1.0148298	0.7730809
tsk_2169	8.369147	4.0256925	2.2447813	-0.6639644	1.5300916
tsk_2180	8.753624	2.7237613	2.043663	-0.19663621	0.3560636
tsk_2183	10.056802	-0.14614168	-0.8508363	1.7743064	1.0319966
tsk_2186	8.332157	1.3083189	-1.831101	0.50376123	-0.13889742
tsk_2188	9.67652	0.9624751	-0.8110284	-1.6381572	-0.2133639
tsk_2204	9.570553	1.2904726	-1.7230185	0.20005625	-0.46609172
tsk_2205	9.395339	2.0349917	2.338526	3.0713086	0.58639085
tsk_2206	8.212281	3.402786	0.6207075	0.15156417	1.7760556
tsk_2210	9.006951	1.5967171	1.1299025	2.8885553	-0.4233468
tsk_2211	9.313961	1.716072	-0.7481267	-1.390658	0.34038422
tsk_2218	9.5186	2.1161406	-1.1915228	2.3275528	0.14456163
tsk_2227	9.7220125	-0.12733375	1.1416804	1.8000454	0.35320607
tsk_2232	8.677808	2.4246223	-1.2693672	-1.8869236	-1.0610157
tsk_2235	9.771016	-0.8314612	-1.6794292	-1.5172065	-0.9404983
tsk_2244	9.632875	0.6577875	-0.24398391	-0.87444335	-0.43809405
tsk_2251	8.547063	1.4743276	-0.57528645	3.4243014	1.628932
tsk_2253	8.806061	0.67764133	1.2270627	1.4472604	0.21332018
tsk_2259	9.2273	1.5377375	2.04633	-1.6795914	-0.19477972
tsk_2266	9.425248	2.4129274	1.0961692	2.7463057	0.31585023
tsk_2281	9.53375	1.3354076	2.100142	1.0620964	0.6151945
tsk_2292	10.747906	0.7416141	0.63155437	0.106004484	0.17156737
tsk_2620	-1.3327448	-0.6240263	-3.674526	1.1206708	-0.9399931
tsk_2635	-3.514576	4.8142037	4.60925	-2.9065726	-0.80281955
tsk_2640	-3.5641053	-0.31292155	-0.29813716	-0.1039035	-0.90500796
tsk_2651	-4.257844	0.7768622	4.469322	0.05475705	-1.7312735
tsk_2655	-3.246975	-0.7708825	4.25105	-1.1365074	-2.8413584
tsk_2656	-4.377708	-3.406516	2.3371687	4.062355	-2.4538126
tsk_2661	-3.5899217	1.1431764	0.7309095	1.0398852	1.5983312
tsk_2666	-1.2986318	-2.1586132	-1.7416214	4.4044127	0.914437
tsk_2679	-1.9111512	2.9965837	-0.6439399	0.16258444	0.480408
tsk_2709	-2.5566356	2.6473157	0.28774658	3.8338425	1.3946111
tsk_3137	2.417064	-1.7468795	-1.9168891	-1.4756016	-2.004847
tsk_3140	-2.7543447	-1.8920821	3.322384	-4.8541574	0.8333332
tsk_3145	-0.4834229	-4.1863155	3.6304317	-0.31062588	0.96134174
tsk_3163	0.24717425	-5.552369	1.4237412	0.830256	1.7233595
tsk_3168	-2.2553594	-1.4326879	0.4211573	-0.13611722	1.5432813
tsk_3169	-1.1388731	-3.90186	-0.7490474	-2.509925	-0.3873945
tsk_3175	-2.2060568	-6.439611	-1.0413237	0.53191876	1.3148273
tsk_3184	-1.5509129	-5.829695	2.5173776	-2.6544735	-0.018366514
tsk_3186	-0.93845433	-3.7677894	5.876873	-2.1537442	5.306646
tsk_3193	0.24721628	-2.096959	-2.0295613	-1.7066886	3.2911777
tsk_3199	-1.7147259	-4.4285426	2.200582	-4.660127	-0.6006588
tsk_3201	0.26603323	-7.043498	-0.52334917	-0.5543603	1.9320472
