1	125977
1	126427
1	128238
1	129025
1	130688
1	131023
1	131697
1	134965
1	136662
1	139036
1	140776
1	140964
1	141073
1	141412
1	141821
1	143671
1	144256
1	146029
1	149641
1	151516
1	152510
1	154302
1	156351
1	158723
1	159253
1	159978
1	160556
1	160557
1	160938
1	161063
1	247938
1	248849
1	250297
1	254917
1	255044
1	262244
1	262620
1	270370
1	270454
1	273710
1	275626
1	278285
1	279491
1	302993
1	309750
1	314315
1	319759
1	325532
1	330085
1	330326
1	338585
1	340603
1	348678
1	352432
1	366413
1	376678
1	379090
1	399693
1	407180
1	413013
1	415741
1	416344
1	423494
1	425223
1	427232
1	432417
1	436870
1	438517
1	440102
1	442384
1	442729
1	444567
1	545690
1	545702
1	552490
1	554230
1	554575
1	557777
1	559184
1	559185
1	561727
1	562012
1	562504
1	564688
1	566275
1	566950
1	568435
1	569492
1	570199
1	570636
1	570814
1	572564
1	575485
1	576252
1	576580
1	577004
1	578165
1	580314
1	581307
1	586082
1	587652
1	588185
1	589468
1	590625
1	591073
1	594759
1	595610
1	598409
1	599207
1	599431
1	600909
1	601275
1	601487
1	602330
1	602645
1	603351
1	603453
1	603814
1	604119
1	604575
1	604586
1	605676
1	609596
1	610145
1	613938
1	613942
1	614736
1	1387673
1	1400455
1	1401169
1	1401339
1	1401367
1	2582094
1	2583020
1	2591046
1	2601057
1	2616847
1	2632628
1	2636265
1	2642417
1	2651804
1	2657833
1	2664689
1	2679713
1	2685625
1	2714840
1	2720933
1	2721342
1	2953610
1	2957281
1	2964821
1	2966007
1	2967222
1	2969841
1	2969906
1	2975509
1	2996802
1	3002569
1	3003212
1	3007110
1	3013033
1	3014800
1	3015170
1	3020154
1	3033464
1	3037006
1	3041008
1	3041139
1	3044302
1	3047904
1	3054559
1	3055192
1	3058734
1	3059425
1	3060652
1	3062780
1	3066712
1	3069342
1	3069550
1	3073861
1	3077626
1	3080571
1	3081382
1	3083861
1	3085502
1	3085631
1	3089486
1	3090635
1	3091501
1	3091538
1	3092194
1	3097088
1	3102975
1	3105757
1	3105832
1	3108604
1	3109143
1	3109187
1	3109301
1	3109670
1	3114640
1	3118553
1	3119903
1	3119969
1	3121536
1	3122867
1	3125727
1	3130036
1	3130132
1	3130755
1	3137438
1	3138209
1	3138886
1	3140986
1	3141089
1	3141631
1	3145105
1	3145641
1	3146161
1	3268128
1	3274543
1	3427623
1	3433509
1	3448154
1	3448769
1	3448853
1	3449322
1	3450263
1	3452644
1	3453568
1	3453736
1	3453745
1	3454323
1	3454564
1	3455035
1	5323425
1	5323639
1	5330454
1	5331359
1	5332260
1	5332375
1	5335331
1	5336799
1	5337238
1	5342531
1	5344499
1	5351988
1	5381694
1	5381696
1	5383669
1	5383951
1	5392471
1	5393515
1	5396891
1	5401605
1	5403667
1	5405770
1	5407204
1	5411118
1	5412530
1	5413266
1	5417636
1	5418305
1	5426899
1	5429343
1	5432725
1	5433368
1	5441821
1	5442910
1	5443115
1	5448727
1	5452034
1	5455585
1	5457979
1	5457980
1	5460105
1	5464447
1	5464845
1	5470465
1	5479833
1	5494466
1	5495914
1	5499858
1	5503828
1	5504672
1	5916736
1	5918331
1	6143525
1	6143795
1	6157367
1	6159122
1	6162142
1	6163683
1	6166662
1	6167367
1	6170463
1	6171181
1	6171566
1	6175907
1	6179668
1	6463025
1	6471199
1	6475099
1	6476541
1	6479806
1	6481079
1	6484361
1	6489732
1	6494344
1	6494751
1	6497852
1	6501259
1	6502553
1	6504990
1	6601981
1	6630741
1	6836750
1	6844093
1	6851729
1	6856641
1	6868195
1	6873183
1	6881384
1	6889207
1	6899554
1	6904943
1	6933468
1	6940836
1	6943859
1	6943986
1	7377291
1	7396495
1	7403040
1	7420550
1	7441758
1	7449346
1	7453562
1	7458532
1	7458991
1	7464182
1	7502113
1	7504306
1	7509340
1	7509435
1	7511278
1	7513777
1	7514186
1	7521243
1	7527624
1	7544125
1	7545464
1	7551389
1	7551921
1	7560336
1	7560482
1	7566435
1	7569285
1	7573296
1	7577590
1	7581401
1	7586355
1	7889574
1	7890123
1	7891904
1	7901568
1	7902819
1	7906944
1	7910039
1	7913284
1	7913526
1	7915149
1	7917067
1	7918219
1	9050157
1	9050950
1	9053433
1	9057945
1	9059550
1	9060355
1	9065695
1	9065977
1	9067304
1	9071039
1	9071433
1	9074365
1	9075191
1	9082831
1	9085714
1	9090328
1	9092605
1	9093183
1	9099028
1	9102438
1	9103235
1	9872192
1	9872743
1	9875233
1	9876748
1	9879281
1	9882795
1	9888375
1	9888765
1	9891715
1	9893453
1	9896676
1	9898834
1	9903513
1	10131559
1	10132189
1	10180279
1	10180862
1	10182977
1	10184408
1	10185632
1	10188003
1	10188740
1	10192679
1	10195542
1	10197988
1	10199661
1	10199963
1	10200618
1	10202760
1	10205694
1	10206663
1	10207736
1	10211738
1	10211763
1	10212975
1	10216639
1	10221282
1	10236475
1	10239457
1	10239680
1	10239888
1	10252968
1	10261432
1	10263144
1	10271350
1	10274388
1	10286020
1	10339615
1	10340129
1	10343467
1	10344437
1	10346031
1	10349494
1	10350015
1	10352679
1	10355994
1	10359497
1	10359764
1	10361929
1	10364476
1	10365407
1	10787827
1	10790606
1	10790670
1	10790733
1	10790982
1	10791027
1	10793707
1	10799577
1	10806432
1	10811381
1	10812919
1	10818046
1	10828779
1	10829257
1	10829813
1	10836935
1	10847181
1	10847961
1	11455943
1	11458559
1	11458564
1	11512402
1	11514217
1	11522085
1	11549630
1	11592805
1	11595598
1	11598352
1	11600283
1	11626530
1	11628477
1	11629236
1	11634988
1	12049239
1	12049668
1	12051206
1	12051271
1	12052195
1	12052548
1	12053934
1	12057811
1	12058343
1	12058873
1	12059001
1	12059149
1	12059322
1	12060103
1	12060137
1	12060613
1	12060704
1	12060744
1	12060840
1	12060883
1	12060939
1	12060971
1	12061100
1	12061547
1	12061632
1	12061716
1	12062018
1	12062169
1	12066093
1	12066722
1	12068496
1	12069100
1	12071878
1	12073111
1	12073257
1	12073370
1	12074216
1	12075953
1	12076916
1	12077018
1	12078004
1	12078852
1	12328362
1	12331957
1	12333299
1	12335133
1	12335853
1	12336012
1	12347422
1	12410706
1	12412525
1	12416390
1	12417692
1	12421757
1	12422070
1	12433055
1	12433454
1	12437848
1	12438382
1	12441740
1	12449019
1	12451843
1	12452702
1	12457842
1	12461561
1	12463469
1	12464433
1	12465963
1	12469091
1	12472046
1	12472914
1	12474670
1	12475631
1	12484806
1	12486875
1	12493587
1	12498105
1	13444574
1	14179218
1	15006491
1	15006752
1	15006766
1	15017645
1	15018331
1	15018647
1	15020633
1	15021942
1	15022764
1	15025926
1	15027378
1	15031441
1	15788434
1	15820338
1	15863174
1	15869921
1	15885622
1	15928101
1	15940512
1	15947542
1	16303028
1	16446521
1	16446529
1	16450840
1	16453923
1	16794041
1	16800258
1	16801171
1	16801766
1	16806210
1	16809771
1	16810347
1	16817041
1	16818151
1	16822910
1	16823780
1	17096535
1	17100280
1	17102351
1	17107923
1	17108229
1	17110968
1	17111672
1	17117952
1	17119376
1	17121471
1	17122070
1	17122566
1	17124519
1	17124549
1	17129416
1	17133780
1	17137591
1	17145034
1	17146731
1	17154110
1	17154166
1	17162157
1	17168300
1	17367179
1	17369001
1	17371846
1	17374195
1	17377516
1	17378586
1	17381467
1	17383509
1	17385445
1	17385880
1	17391362
1	17394014
1	17401192
1	17402392
1	17404894
1	17411987
1	17420730
1	17421595
1	17422607
1	17426007
1	17428260
1	17430343
1	17437306
1	17437344
1	17437760
1	17438132
1	17438530
1	17443103
1	17443351
1	17443693
1	17445037
1	17447892
1	17449938
1	17454643
1	17454800
1	17456564
1	17458679
1	17461091
1	17462113
1	17463394
1	17463552
1	18521565
1	18589580
1	18594594
1	18601760
1	18606613
1	18611206
1	18619485
1	18624517
1	18624728
1	18625020
1	18628786
1	18630136
1	18749096
1	18749561
1	18756988
1	18760782
1	18767152
1	18772284
1	18781427
1	18794076
1	18800926
1	18808113
1	18817852
1	18825853
1	18828891
1	18837394
1	18856829
1	18863385
1	18869313
1	18882892
1	18889293
1	18893049
1	18897037
1	18904438
1	18906020
1	18908869
1	18918428
1	18928433
1	18931416
1	18934470
1	18944561
1	18954882
1	18961806
1	18969856
1	18996436
1	19002139
1	19011330
1	19028382
1	19028984
1	19032345
1	19054473
1	19055014
1	19059174
1	19059499
1	19065842
1	19070352
1	19075003
1	19079297
1	19087755
1	19088185
1	19093786
1	19098534
1	19104350
1	19112134
1	19116516
1	19134482
1	19142235
1	19146596
1	19151567
1	19161981
1	19166097
1	19175675
1	19179711
1	19189219
1	19191284
1	19197259
1	19206258
1	19212244
1	19212864
1	19222940
1	19227111
1	19229889
1	19241226
1	19250055
1	19257892
1	19260157
1	19286146
1	19296373
1	19302982
1	19310586
1	19314326
1	19331742
1	19334831
1	19356971
1	19364007
1	19364519
1	19369426
1	19388707
1	19909490
1	19909522
1	19910579
1	19911488
1	20010412
1	20013334
1	20015547
1	20015551
1	20016905
1	20020830
1	20029536
1	20031590
1	20035209
1	20040038
1	20047028
1	20059408
1	20060666
1	20067099
1	20075321
1	20082004
1	20086997
1	20093394
1	20103173
1	20107092
1	20108580
1	20112078
1	20180530
1	20182267
1	20182919
1	20183218
1	20184251
1	20184267
1	20185437
1	20186007
1	20189484
1	20191363
1	20193800
1	20194829
1	20711422
1	20712055
1	20712168
1	20716500
1	20717331
1	20723760
1	20724411
1	20729271
1	20731930
1	20732233
1	20732335
1	20746782
1	20753670
1	20759757
1	20762361
1	20762365
1	20777869
1	20782558
1	20786854
1	20794781
1	20798927
1	20822273
1	20833683
1	20836230
1	20837972
1	20842297
1	20848629
1	20852135
1	20860146
1	20876156
1	20876446
1	20903276
1	20915765
1	20923709
1	20928651
1	21008393
1	21028292
1	21029358
1	21029787
1	21034891
1	21039120
1	21044573
1	21045552
1	21049482
1	21056382
1	21057517
1	21062616
1	21066743
1	21067415
1	21073408
1	21080498
1	21080713
1	21091681
1	21094470
1	21100336
1	21102029
1	21109790
1	21110330
1	21116170
1	21120726
1	21125258
1	21149364
1	21158784
1	21159576
1	21162039
1	21163125
1	21164857
1	21168336
1	21168436
1	21173738
1	21173822
1	21448697
1	21450021
1	21450943
1	21452688
1	21456346
1	21456354
1	21457166
1	21527675
1	21529305
1	21540015
1	21544940
1	21546982
1	21548101
1	21552426
1	21552427
1	21554599
1	21556732
1	21562648
1	21563881
1	22558317
1	22558320
1	22671815
1	22678251
1	22707585
1	22709069
1	22716475
1	22716727
1	22719154
1	22719707
1	22720226
1	22725751
1	22728399
1	22734504
1	22739033
1	22739873
1	22740732
1	22750139
1	22759204
1	22760600
1	22918318
1	22923583
1	22929036
1	22929740
1	22931178
1	23249666
1	23256365
1	23428472
1	23430156
1	23432709
1	23439234
1	23456172
1	24460813
1	24461552
1	24465019
1	24465108
1	24466968
1	24471338
1	24471553
1	24475098
1	24475499
1	24476174
1	24476350
1	24481807
1	24485557
1	24485868
1	24492148
1	24495227
1	24496079
1	24497362
1	24504613
1	24505480
1	24507285
1	24553404
1	24557356
1	24557657
1	24564413
1	24567683
1	24574992
1	24581146
1	24587370
1	24596940
1	24602013
1	24610507
1	24615295
1	24623248
1	24629137
1	24634778
1	24644040
1	24648920
1	24656948
1	24657618
1	25096809
1	25098447
1	25101049
1	25102770
1	25106816
1	25107640
1	25112361
1	25113860
1	25117595
1	25119523
1	25121205
1	25125734
1	25128140
1	25135031
1	25135477
1	25139137
1	25141280
1	25143919
1	25144779
1	25152739
1	25153321
1	25153669
1	25156525
1	25160634
1	25161688
1	25163590
1	25165373
1	25170721
1	25180408
1	25182523
1	25182973
1	25183856
1	25185340
1	25638493
1	25660762
1	25664270
1	25664945
1	25673457
1	25683185
1	25687042
1	25687435
1	25693249
1	25700984
1	25705056
1	25708933
1	25711790
1	25712779
1	25721371
1	25727602
1	25729322
1	25740172
1	25748499
1	25754871
1	25761209
1	26127781
1	26128925
1	26134297
1	26138216
1	26141116
1	26245959
1	26251351
1	26260183
1	26267632
1	26273405
1	26285799
1	26287126
1	26287765
1	26289267
1	27063615
1	27066041
1	27069304
1	27074844
1	27075397
1	27080935
1	27081572
1	27084487
1	27087948
1	27090927
1	27094524
1	27100917
1	27104136
1	27107554
1	27111394
1	27124246
1	27133214
1	27139540
1	27146683
1	27153901
1	27159389
1	27168179
1	27169100
1	27176044
1	27183002
1	27189301
1	27193161
1	27198094
1	27198828
1	27203332
1	27209785
1	27211880
1	27221076
1	27226631
1	27233298
1	27234238
1	27244859
1	27250254
1	27254722
1	27255845
1	27263349
1	27265277
1	27272433
1	27281865
1	27283422
1	27295563
1	27298288
1	27302945
1	27305894
1	27309742
1	27314007
1	27320018
1	27323612
1	27329970
1	27330093
1	27330906
1	27338483
1	27340033
1	27344977
1	27353112
1	27364116
1	27375139
1	27377711
1	27380434
1	27402853
1	27413395
1	27419717
1	27425979
1	27435281
1	27442610
1	27451502
1	27454258
1	27458163
1	27465998
1	27471261
1	27475809
1	27691088
1	27692991
1	27695850
1	27699637
1	27711408
1	27714773
1	27721913
1	27730766
1	27730873
1	28442760
1	28442911
1	28443951
1	29020416
1	29022365
1	29022373
1	29358465
1	29361016
1	29366231
1	29368260
1	29372503
1	29375662
1	29381276
1	29381559
1	29382782
1	29401415
1	29401808
1	29403877
1	29406400
1	29406416
1	29406574
1	29408368
1	29410005
1	29410228
1	29410564
1	29411172
1	29411277
1	29413669
1	29529367
1	29530177
1	29535269
1	29536026
1	29539739
1	29539924
1	29548357
1	29548899
1	29556157
1	29562183
1	29566509
1	29570311
1	29571015
1	29576223
1	29580566
1	29584524
1	29591275
1	29591688
1	29603877
1	29609709
1	29610043
1	29803421
1	29807482
1	29815447
1	29821842
1	29825382
1	29826875
1	29832938
1	29833065
1	29838709
1	29841773
1	29846366
1	29847502
1	29850236
1	29854641
1	29857301
1	29857720
1	29862356
1	29881314
1	30178767
1	30179251
1	30181427
1	30181953
1	30183553
1	30184049
1	30185230
1	30187317
1	30188257
1	30188557
1	30190641
1	30191382
1	30191739
1	30192672
1	30196728
1	30196945
1	30200961
1	30206076
1	30277366
1	30277406
1	30288397
1	30402854
1	30403261
1	30406745
1	30406817
1	30409999
1	30411259
1	30412518
1	30414888
1	30415312
1	30416146
1	30418598
1	30419265
1	30423744
1	30425116
1	30428579
1	30428701
1	30430813
1	30435518
1	30437242
1	30439520
1	30441019
1	30442793
1	30445068
1	30457019
1	30460190
1	30462077
1	30475392
1	30478146
1	30481208
1	30496717
1	30501753
1	30503540
1	30506287
1	30507628
1	30508471
1	30510608
1	30511506
1	30514371
1	30518902
1	30522083
1	30527330
1	30529896
1	30534143
1	30534511
1	30765352
1	30768752
1	30775913
1	30785988
1	30789122
1	30789422
1	30977415
1	30977566
1	30979308
1	30980108
1	30984094
1	30988727
1	30989680
1	30991949
1	30992791
1	30995727
1	30998158
1	31002516
1	31053830
1	31060697
1	31065214
1	31069244
1	31071623
1	31072279
1	31074546
1	31081986
1	31083331
1	31086399
1	31800375
1	31800993
1	31801575
1	31803259
1	31804955
1	31805966
1	31806193
1	31808775
1	31810856
1	32337916
1	32340658
1	32345921
1	32391949
1	32392418
1	32922509
1	32922827
1	32923858
1	32928123
1	32932098
1	32933827
1	32937701
1	32939957
1	32946195
1	32958509
1	32963449
1	32967535
1	32967638
1	32971946
1	32972561
1	32978854
1	32979608
1	32986093
1	32987713
1	32995805
1	33000584
1	33006863
1	33012301
1	33015610
1	33016280
1	33020605
1	33020785
1	33021639
1	33025004
1	33026035
1	33028532
1	33031656
1	33032539
1	33034077
1	33038669
1	33041782
1	33043172
1	33045513
1	33046597
1	33047563
1	33049526
1	33055746
1	33056704
1	33059963
1	33061103
1	33063881
1	33067233
1	33076664
1	33077650
1	33079901
1	33082746
1	33083484
1	33088311
1	33092683
1	33094122
1	33094452
1	33097770
1	33098657
1	33099704
1	33100579
1	33101366
1	33104865
1	33107364
1	33107403
1	33107963
1	33110046
1	33112310
1	33115155
1	33122743
1	33127193
1	33128160
1	33135124
1	33135239
1	33140973
1	33141103
1	33144112
1	33150408
1	33153341
1	33157181
1	33157867
1	33166858
1	33166913
1	33167027
1	33167028
1	33167030
1	33176422
1	33183024
1	33184464
1	33186437
1	33188685
1	33190322
1	33192426
1	33195269
1	33197057
1	33200150
1	33200995
1	33203654
1	33204016
1	33208001
1	33208901
1	33212534
1	33217347
1	33218254
1	33224177
1	33227589
1	33228067
1	33237093
1	33246986
1	33247299
1	33254039
1	33254679
1	33264359
1	33266102
1	33270290
1	33276036
1	33280110
1	33282492
1	33284645
1	33285146
1	33287706
1	33290487
1	33291270
1	33293230
1	33294879
1	33297992
1	33299862
1	33299973
1	33303718
1	33305346
1	33307498
1	33309211
1	33310043
1	33311857
1	33315657
1	33317400
1	33318468
1	33325992
1	33327264
1	33331450
1	33334061
1	33341334
1	33349132
1	33357180
1	33359201
1	33362968
1	33366402
1	33367144
1	33371147
1	33371295
1	33376416
1	33377329
1	33381361
1	33384452
1	33388167
1	33393991
1	33396928
1	33398240
1	33398724
1	33403422
1	33409031
1	33410181
1	33415909
1	33415968
1	33672142
1	33675387
1	33683121
1	33683927
1	33686063
1	33690640
1	33690777
1	33695585
1	33697174
1	33702085
1	33703865
1	33710335
1	33712747
1	33717502
1	33722434
1	33723917
1	33728032
1	33729730
1	33732316
1	33734169
1	33742454
1	33747161
1	33751510
1	33755941
1	33761487
1	33761509
1	33765661
1	33773213
1	33779608
1	33785004
1	33792500
1	33792554
1	33798186
1	33801466
1	33802956
1	33808745
1	33815509
1	33817747
1	33820188
1	33822622
1	33826488
1	33832908
1	33840577
1	33846322
1	33847238
1	33877091
1	33892439
1	33894454
1	33898596
1	33898830
1	33900943
1	33914836
1	33919395
1	33920343
1	33922214
1	33926681
1	33933363
1	33934987
1	33938670
1	33953403
1	34138305
1	34144682
1	34208898
1	34208934
1	34209817
1	34213438
1	34216362
1	34220336
1	34225685
1	34228182
1	34230635
1	34236776
