IID	PC1	PC2	PC3	PC4	PC5
tsk_0	0.73831975	0.5729823	-5.2160697	1.8361102	0.073720664
tsk_10	-1.5530522	1.7085025	-2.5169756	1.9421316	-0.46322265
tsk_15	3.2275603	0.50763994	-1.7880809	0.69565284	0.36882305
tsk_16	2.0246127	-1.4314692	-1.7761364	1.080049	-1.5583309
tsk_19	2.5665255	0.2477422	-3.0922267	1.9818511	-0.7158691
tsk_25	2.7367253	-0.21834956	-3.4269845	-1.4220313	0.6179665
tsk_26	2.1915977	1.4225934	-1.2522352	-1.1706852	-0.16374108
tsk_27	4.2608256	-1.124014	-0.12693557	-0.9623949	-0.045612596
tsk_29	3.2292354	0.26434967	-2.4457402	-1.279817	0.38135862
tsk_45	1.4055352	0.70674926	-2.3060985	0.8208637	1.2056656
tsk_47	2.7653022	-0.09189836	-2.7025766	1.3408242	0.34508544
tsk_49	1.0195216	-0.2931928	-2.2464583	1.467497	-0.1660429
tsk_51	1.5727884	-1.4665483	0.3718924	-1.3650604	-1.1394603
tsk_56	3.7512758	-0.8985975	-0.522578	0.7388973	-0.8721196
tsk_60	-0.60362786	-2.7320294	1.1005064	1.2138302	1.1947591
tsk_65	3.1164677	0.50444067	-1.7365572	-1.9165614	-0.13095476
tsk_67	-0.62728626	2.3178878	-0.069932126	-0.31928724	1.4275542
tsk_68	1.3792529	2.5785754	0.14845133	-3.1509056	1.1983846
tsk_76	-1.293991	1.5026604	2.0787625	0.903078	1.031074
tsk_83	2.7388835	2.74756	4.4399123	0.13357809	-0.25221217
tsk_88	-2.2727506	-2.2283661	-0.09251453	-3.4984376	-2.0638227
tsk_93	-0.9993929	-0.6771794	1.6399913	-2.8675053	1.2942984
tsk_97	-0.690374	0.052986667	1.2132838	-2.1056464	1.2568153
tsk_99	0.18167692	1.4790189	0.8358497	-2.948747	-0.7757833
tsk_101	-1.5820158	-1.1838892	0.47262028	0.6627888	-0.87398523
tsk_111	0.78972286	0.072832935	1.3238071	0.3257686	1.103253
tsk_127	1.6573969	-1.710233	0.56004274	0.9106518	-1.1694325
tsk_134	-0.97451574	-0.34825543	2.0076885	-2.6015947	-2.5066094
tsk_146	1.8776714	0.4428895	1.9190514	-0.17341733	-1.1600142
tsk_153	-1.8593278	0.8342947	-0.5227982	-1.6030728	-0.06685937
tsk_178	1.6330231	2.2121515	-4.7591963	-2.1255677	-0.778123
tsk_272	-3.105318	0.2714668	-1.2932606	1.0325768	1.4461225
tsk_276	-1.399123	0.5051794	0.5241541	1.0674455	0.67796266
tsk_286	1.9263197	-1.1295425	0.9525526	-1.0383877	2.6017904
tsk_287	0.9756616	2.270649	1.5324206	1.6997671	1.3270695
tsk_289	-1.3471389	-2.3141074	-0.52701646	-3.044712	-1.0421222
tsk_298	-0.7231691	2.257174	1.2718301	1.4811454	1.1314793
tsk_329	0.17302836	0.9777425	-0.79884183	-1.2449452	1.3218174
tsk_332	-1.151361	0.17231636	-1.0445591	-0.6527246	0.7150422
tsk_335	0.8369129	-2.3181224	-0.34691504	-0.9788695	0.75331545
tsk_336	-0.026594507	0.9928375	-1.5815442	-4.2367077	0.36258152
tsk_342	-2.5606027	-3.2443266	-0.5181321	-0.25462487	1.9546099
tsk_344	0.38202816	1.583891	-0.9383577	1.213544	1.1010994
tsk_349	-2.1795847	4.2265487	-1.2055297	-3.001991	-1.9906241
tsk_350	-2.0268645	-0.15092364	0.2558432	-0.98882955	0.2829475
tsk_354	-3.628518	-2.3493643	0.54373044	1.8549309	-0.4411319
tsk_355	1.5390658	0.2725769	2.3060215	-2.4326508	-0.61263037
tsk_359	0.715024	-2.252444	-1.3855735	-2.5433388	-1.3811579
tsk_364	-2.3841252	1.1098242	-0.10458349	1.6031953	0.6389066
tsk_365	1.8721567	1.6175249	0.63739455	-1.2295353	0.8011336
tsk_371	-1.8886771	0.59921	0.42982444	0.38491768	-1.3322538
tsk_372	2.0438468	-0.58553433	0.9127822	-1.4870461	0.08993578
tsk_375	-2.6727333	3.0475233	-1.1074187	3.0300155	-0.80295897
tsk_376	-2.752859	0.17033044	-0.31518236	-0.3335677	-0.4318809
tsk_377	-1.9567032	-1.3632722	1.8302894	0.46110752	1.206474
tsk_378	-0.49191216	-0.7345459	0.16403125	-1.8241724	0.9857002
tsk_379	-3.2868955	0.007997757	-0.6314262	-0.14146934	-1.3445278
tsk_381	-0.9053794	2.82645	0.70938516	-0.78525144	-2.2381015
tsk_385	-0.88705945	5.0278087	-2.0894983	-4.2917633	-0.27274212
tsk_386	-2.7086966	1.2479621	-0.63387734	-1.4756685	-3.143
tsk_395	-1.8819296	-0.76915973	-0.42146224	1.1580887	1.615146
tsk_397	1.2291086	2.0011647	0.8142584	-1.7703613	0.05562429
tsk_399	-0.62285286	-2.3153715	0.8111475	0.8855816	0.17381503
tsk_400	1.8871924	-1.0513119	0.3907826	0.60384434	2.2115583
tsk_402	3.1142437	0.9011951	0.42806178	-1.9399685	0.9271185
tsk_403	3.0028949	-0.4217498	0.45597628	0.19419283	0.20556127
tsk_405	-1.740007	0.5014647	0.05701649	-1.2036448	-0.886676
tsk_406	1.1059321	1.0424567	-0.2958644	-1.3581765	0.8193032
tsk_409	0.8796758	3.081847	1.0002453	1.4892046	1.7325115
tsk_413	-2.6498945	1.6475743	-0.69132453	-0.84194887	-0.29123294
tsk_414	-1.8419809	-0.706351	-1.3357023	-1.2340939	-0.86487067
tsk_415	1.0495201	0.58923435	1.3408258	0.15810314	-1.6927253
tsk_416	-2.5310435	-3.5604472	0.5057035	0.74150836	-0.8480796
tsk_417	-2.1547937	-1.6098291	1.7731171	0.053553518	-2.0068536
tsk_418	0.7990016	2.4262989	0.68187016	1.7613653	-0.8740957
tsk_419	-2.5912013	-2.2518244	0.7918595	-1.3739233	-2.8113956
tsk_420	-2.201735	1.0167571	0.1139694	-1.9671339	-1.0869768
tsk_422	-1.5981873	2.0641143	-2.9231708	-0.78544325	0.5954944
tsk_424	-2.2033482	-3.0650795	-1.2779807	-2.9417193	1.859675
tsk_425	-1.5241398	-0.19460006	-1.6961086	1.4972911	-2.5190494
tsk_426	0.79130024	0.9275521	2.178308	0.96612275	-0.38656762
tsk_428	-2.8118534	3.7914045	-1.3359238	1.0628407	3.532835
tsk_430	-1.4479616	1.4995404	-0.6347559	-0.74534637	-1.7002703
tsk_431	-1.1187787	0.80792046	-0.4424845	1.9880698	-1.125476
tsk_432	1.9087822	-1.5224825	0.9088952	1.104306	-0.040646527
tsk_434	-1.5891422	1.404758	0.9397238	1.7256727	-2.0482988
tsk_435	-3.1932726	0.32655054	-1.1856903	1.8449414	-0.8681515
tsk_437	-0.4092792	-0.67129076	0.87825155	-1.886964	1.6708623
tsk_440	1.5819936	-0.050732613	1.691853	-0.013494861	-0.79522365
tsk_441	2.9800327	1.7720152	3.8411403	-1.5244156	0.07717463
tsk_442	-2.5277286	-3.5048134	0.6893376	0.64368665	-1.6263995
tsk_444	-3.0161607	-2.2152321	1.2839415	-2.3827837	-1.0703723
tsk_447	-2.9557397	-2.8030648	-0.20701464	-2.3505075	0.35221916
tsk_449	0.56724966	0.37961903	3.128245	1.7958473	-0.2581695
tsk_451	-0.8081177	1.2053194	2.1925645	-0.5098971	-1.3015103
tsk_452	-0.2825104	2.0865045	1.0608981	2.0537882	-1.7493722
tsk_454	-1.511036	-1.6459584	-0.22502	1.327332	-0.26264924
tsk_455	-0.5791821	3.4282668	-2.8474503	-0.21993022	-1.1463919
tsk_456	-0.35783517	-0.4351221	2.4117842	0.14960401	0.12806222
tsk_459	0.1468197	2.5649002	1.5745306	0.978378	-0.19483872
tsk_461	-0.62250406	0.9437856	0.978075	1.2984848	-2.558061
tsk_463	1.6228327	0.17099676	-1.5461015	-2.7033107	-0.3258828
tsk_464	1.9410167	0.91929996	2.89955	-1.5889626	2.1744137
tsk_465	-2.1918826	0.9984459	-0.34942514	0.9677955	-0.82339585
tsk_466	-0.6879679	-2.1967847	1.8280351	-0.25855476	-1.6030178
tsk_467	-2.4183629	0.85985386	-0.30589762	-1.108263	-1.623836
tsk_468	-2.1153836	-3.1597867	-0.4624988	-1.0741891	-0.6840116
tsk_471	-0.62418383	2.7153533	0.8641101	1.9240294	1.8005149
tsk_472	-0.4322654	0.95121473	-1.341196	-1.0056893	-0.04608232
tsk_473	-1.7417958	-0.21215543	-1.3724972	-0.78760546	1.041864
tsk_474	-2.1213245	4.1611547	-1.2115864	-1.1969234	1.7416524
tsk_476	-2.9336286	-1.4340446	0.76963943	1.4636427	0.2395125
tsk_479	0.5749411	1.0902343	-0.2223943	-0.15712693	-0.27401432
tsk_480	-0.07704949	-0.046962205	1.278483	-1.8117586	0.24488951
tsk_481	-2.1439009	0.12603712	0.7516243	2.1733854	-1.3672788
tsk_482	-1.8160015	2.9321792	-1.6517518	2.4486485	0.2980506
tsk_483	-2.4509773	-0.7905981	-0.10391276	1.930905	-1.9453378
tsk_485	-0.2353212	-1.3043219	1.9645418	-2.1936383	-0.5441014
tsk_491	-1.0057571	2.8388455	0.89178103	1.2838664	-0.43861502
tsk_494	-0.1536751	-0.77234155	1.1930163	-1.9060335	1.8983316
tsk_497	-1.4243817	2.3608515	0.52885956	1.0115867	0.7666785
tsk_502	-2.3402293	-1.3811358	1.6991849	1.3403386	-3.600958
tsk_503	-1.4285961	-1.8429673	1.2395597	0.20577125	-2.9517937
tsk_505	0.6683302	2.281636	0.38141724	0.6423376	-0.63559264
tsk_514	-2.8285758	0.84341675	-0.02715542	0.22382583	-1.0331931
tsk_523	-0.9643622	5.3350654	-0.5421015	-3.2582598	-0.9894026
tsk_524	0.14050464	1.8602871	1.0343664	2.255311	1.7460071
tsk_526	3.9278412	0.8581259	3.2964053	0.06034651	1.5083847
tsk_527	-1.2560496	-1.1353047	-1.0391678	0.96671426	0.77116674
tsk_528	0.5486917	0.4710674	2.6969743	-1.0260375	0.23360251
tsk_530	-0.5507234	0.8777065	2.6075811	-1.9466902	1.4623371
tsk_531	-1.4630394	1.289095	0.15970328	-1.8888177	-0.30026236
tsk_535	-2.3313243	1.5340103	-0.05533365	2.902125	0.48166582
tsk_536	-1.0355436	0.009160675	-0.12118303	2.278475	-0.54868764
tsk_545	-0.9286603	3.4712665	1.5268618	0.36245608	-0.4562424
tsk_557	-2.247291	0.25568187	0.10741118	-4.083682	-0.68564236
tsk_559	-2.4503295	-1.9792544	-0.12035635	-2.7596607	0.5495804
tsk_560	-2.6742895	0.43994457	-1.3781072	0.308715	-0.029819068
tsk_562	-2.4778132	2.5746427	-2.4733994	0.23185824	-0.79538876
tsk_564	3.7071815	1.4613833	3.1968484	-2.1987062	1.1920937
tsk_572	1.0703015	0.4292298	2.7171605	-1.4264457	0.6216228
tsk_573	2.2885842	-0.26118672	-3.7503643	0.38901144	-0.2535958
tsk_577	0.89554954	-0.3085509	2.1800926	-0.7611619	-1.0398066
tsk_579	-0.57913065	0.41057792	-0.69951457	0.30341357	1.825393
tsk_581	-2.6896732	0.117288806	-1.1855338	1.3698637	-2.5734165
tsk_584	-2.5415554	0.19544578	-1.4585143	-1.4288702	-0.5907451
tsk_589	0.09676673	0.2089152	1.7878164	1.1922206	0.6586934
tsk_591	-3.5831742	-1.9661905	1.4880003	0.5911749	0.21268296
tsk_598	-1.5739498	-1.5167023	1.6689838	1.341155	0.17354102
tsk_602	4.145548	-0.70321244	-1.0595678	-1.7891017	-0.40846497
tsk_610	-0.63912094	1.2714832	-0.9580677	-1.354795	-0.557207
tsk_611	-1.1434159	0.38752165	2.9162798	-0.076623015	-1.4622265
tsk_616	1.9725237	3.0995438	1.8919376	1.9482548	0.95294493
tsk_619	-2.957756	1.1106315	-0.3337134	-0.06429881	0.45441195
tsk_620	-2.0641491	3.543573	0.18760337	2.1054053	-0.4185293
tsk_621	1.5725129	-0.14079109	2.8365738	1.518308	-2.7249277
tsk_635	-0.86295927	0.32626942	0.9711812	-2.3714743	-0.21359785
tsk_638	-3.4814951	0.631078	0.2481589	0.6948146	-0.6575267
tsk_641	1.0863233	3.147384	2.3797956	0.47273844	0.11806278
tsk_672	1.5746033	0.075447716	-2.6088498	-3.844284	-1.260043
tsk_680	2.0292304	0.2905856	-4.273421	0.8444461	-0.27570844
tsk_682	1.2673091	0.94495785	3.8972282	1.1920412	2.144587
tsk_683	-0.33000615	-0.42411807	2.0678113	0.6941934	0.7491415
tsk_693	1.4230903	0.25764897	1.7349961	1.6449795	0.71851367
tsk_694	0.3549823	0.35425848	1.2926884	-1.9353573	-0.12957855
tsk_704	-1.4985266	3.8402472	-1.7441974	1.2357876	-1.9351103
tsk_707	2.44145	-1.4295889	0.9022106	-0.8813497	-1.461573
tsk_718	-0.3529111	-3.608344	0.56949323	1.3867059	-1.6149371
tsk_724	-2.071043	-1.0407643	-0.9418421	0.87971103	1.0865414
tsk_748	-3.0014915	0.20748949	-0.85940605	1.0735712	1.2291455
tsk_749	-1.6387286	-2.6851604	-0.17432441	-3.1179574	1.3480717
tsk_751	4.603056	-2.2199578	-0.35815227	1.8306317	-0.39908883
tsk_752	-2.4033551	3.7925048	-1.1434782	-0.5168081	1.1514887
tsk_756	0.4923239	1.6771749	0.33758676	-1.9426138	1.694593
tsk_757	3.7265973	-1.8810825	1.0770826	1.440651	0.3487745
tsk_759	0.25335318	1.9180218	0.34632146	2.0734308	1.4762937
tsk_767	1.0807714	-0.049127806	1.8692706	1.5405568	2.2045853
tsk_776	-0.9910134	4.043392	-0.8616524	-2.2578642	0.7434536
tsk_777	-1.1201894	-2.4932237	-0.13941704	-1.247197	2.13322
tsk_778	1.3105772	-1.244564	1.3156716	1.6935543	-2.3679469
tsk_785	0.12771156	-2.8804526	-1.1352668	1.1232529	-0.8035058
tsk_787	-0.9923527	-0.20373763	2.3039129	-0.6771507	-0.27069962
tsk_794	-0.49845654	0.7948083	-0.9589367	-0.25634736	-1.187608
tsk_795	2.041946	1.0760483	3.1702936	-0.15898831	1.433258
tsk_797	3.4184706	-0.22910814	2.2234411	-0.5608392	0.33372307
tsk_799	2.6286085	1.511562	2.7386236	0.31498995	-1.074367
tsk_1242	0.7822684	-0.81414145	2.2328446	1.6809012	-1.8010172
tsk_1263	1.6637666	-2.0992353	1.3187793	0.7156992	-0.0998865
tsk_1267	1.6533408	0.72818065	2.9648347	-1.8283926	2.2356856
tsk_1282	0.76264274	1.8553586	0.38295287	0.9940622	1.7880954
tsk_1316	-1.326167	-0.45852587	-1.0215483	1.5473796	0.3813171
tsk_1324	1.755377	-2.0602741	-0.12578976	-0.41381088	2.0974512
tsk_1328	-1.5949867	-1.4453764	2.3322175	1.0073105	1.1554557
tsk_1329	-1.0123541	2.00637	-1.8081089	2.4991648	-0.15862891
tsk_1331	-1.2704086	-1.7424028	2.4039195	1.2791009	1.3909992
tsk_1333	-1.1714202	-1.2129695	1.7936469	0.060753886	1.9996084
tsk_1350	-0.74204	0.58605164	0.37048808	1.4484541	0.54542774
tsk_1382	1.294684	1.9071374	1.3040951	1.6219677	1.665506
tsk_1383	-2.0549803	-0.58241075	-1.4976649	-0.8277057	0.8223569
tsk_1389	-1.1104022	-2.3480442	1.0934068	1.0036771	2.6672263
tsk_1395	-2.681437	-4.47677	-0.26141664	1.6138152	0.28805894
tsk_1415	-2.863359	0.45979407	0.01967961	1.7896208	-1.445698
tsk_1418	-1.8837775	-0.3078225	-1.7508621	2.2574828	-2.8605788
tsk_1422	-2.839296	-2.2952485	0.81752807	1.5955144	0.61808026
tsk_1452	-2.1531851	-2.3376265	0.18586238	-0.91441	0.66602427
tsk_1453	-0.31376588	1.1029851	-0.99189365	1.2377596	1.0962285
tsk_1455	0.16088165	2.746559	0.65781665	1.0444195	0.738519
tsk_1463	-1.0083772	-1.6960648	0.42301863	0.28765088	0.3720029
tsk_1499	-0.07515636	-0.6994261	0.21259819	0.9639618	-1.2939543
tsk_1500	-2.0495148	3.4575715	-1.3706138	1.3412873	-1.1816719
tsk_1522	1.7470955	-2.1772573	1.3920698	1.6575354	0.51821244
tsk_1531	0.40510678	-0.9119398	-1.0542245	1.529374	1.4170862
tsk_1533	1.7287409	1.2527734	4.0259347	1.8491545	-2.1076345
tsk_1534	0.80898017	2.083263	0.64811987	0.1431465	1.080779
tsk_1536	-1.714588	3.9051063	-1.5102961	-0.27694038	1.4557853
tsk_1538	-0.75551325	1.4221127	0.5086671	1.1039815	1.1563785
tsk_1546	-1.5332435	-0.21586831	-1.5674195	1.7233366	-2.459767
tsk_1550	-0.51176757	3.148339	-0.9306148	1.3538085	0.8532856
tsk_1631	0.16091996	-2.0238893	1.543247	1.4116396	3.2477717
tsk_1646	-0.8064698	2.6070256	0.9873706	-0.4265713	1.6216418
tsk_1660	-2.9579113	-4.355701	-0.43031412	-0.07794947	2.312433
tsk_1662	-1.8144598	-3.9429007	0.16625199	1.1293277	2.7737412
tsk_1733	-2.360273	-1.8524231	-1.4342784	0.35717496	2.9651208
tsk_1797	-1.5140877	0.28075984	3.0884974	1.9070623	-2.426201
tsk_1809	-3.0770912	-2.1343	-1.4782089	0.39960092	3.111887
tsk_1823	-2.220216	-1.5775619	0.33039105	-2.5402396	-0.6876911
tsk_2073	4.7000556	-1.2904881	-0.6317187	1.7880642	-1.6560594
tsk_2074	2.125927	-0.57526076	-1.9924068	1.2391915	-0.9131547
tsk_2078	1.6687667	0.7960585	-1.1558571	2.316566	-1.3357062
tsk_2085	1.2470975	-0.6960149	-2.728722	-0.90145	0.53210914
tsk_2115	3.299813	-0.7964023	-1.6435736	-0.8127199	-0.66244406
tsk_2116	3.7766473	-1.0468156	-0.7178126	0.44338837	0.3755978
tsk_2118	2.0445254	-0.8317965	-2.126918	2.6892087	-0.13412084
tsk_2120	3.8171852	-1.6471708	-0.9938956	1.0338998	0.11270889
tsk_2124	3.0920467	-0.36667705	0.71819085	1.591501	0.3822104
tsk_2126	3.2142613	0.40462503	-1.2833273	1.2349297	0.23697919
tsk_2132	3.902429	-0.6510543	-0.5554279	1.3951513	-8.154752E-4
tsk_2136	2.4159613	-0.1248196	-3.238164	-2.6643753	-0.22634943
tsk_2138	0.69179416	1.6862539	-4.3748937	0.54446256	0.5246507
tsk_2148	3.3846684	-0.46787298	-1.8305238	0.91458875	0.9853984
tsk_2149	3.8627055	-2.208128	-0.9023777	-1.5748172	1.7137805
tsk_2155	2.7152772	-1.8305322	-2.0607224	1.2806226	0.08373305
tsk_2158	0.92938167	-2.7073646E-4	-2.6789463	0.33261597	0.44974348
tsk_2160	3.7164588	-1.6360496	-0.74639577	-0.7766894	-0.6393745
tsk_2169	3.8166156	-1.3299764	-1.0895606	2.1427162	0.044507977
tsk_2180	4.490053	0.4989115	1.2168632	-0.9074059	-0.037031982
tsk_2183	4.0098433	-0.6889274	-0.538693	1.66456	-0.6359172
tsk_2186	2.989962	0.0049342583	-2.5762115	-0.9995014	0.94560134
tsk_2188	3.473023	-3.1282096	0.2716824	-1.1119576	-2.2552805
tsk_2204	2.717244	-0.4216543	-0.17511098	0.38463798	-1.9212327
tsk_2205	1.9720902	-2.5501199	-1.3154583	1.1594511	-0.92099935
tsk_2206	2.3712027	-2.6908703	-0.5584348	1.3753741	0.3743746
tsk_2210	4.694193	0.10584332	0.013892906	0.09360703	-0.06843351
tsk_2211	2.4116971	-0.25077143	-2.3534362	0.82023716	-0.84245026
tsk_2218	3.6427944	-1.0897968	-1.259916	1.5544246	-0.5357139
tsk_2227	3.2059438	0.11816644	-2.6140103	-0.02339591	-0.718291
tsk_2232	3.8903923	-0.8280573	-1.4083395	-3.6909142	-0.17099598
tsk_2235	3.6558456	-1.1031344	-1.0339181	1.0698923	-0.14406896
tsk_2244	3.3968894	-1.7831655	-0.806876	1.2277586	0.28953746
tsk_2251	3.1112366	-0.4708359	0.06396532	-2.2487736	-1.3473263
tsk_2253	2.836399	-1.4942452	-1.8505499	1.8303887	0.11479092
tsk_2259	2.751696	-0.85049254	-0.06693342	0.14213595	-0.48648822
tsk_2266	2.9466338	-1.9806588	-1.026709	-0.19348902	-1.6299744
tsk_2281	0.16474926	0.06693924	-1.5851249	-0.41174918	-1.5363992
tsk_2292	3.8697786	-0.28436428	0.20951667	0.25933653	-2.9377968
tsk_2620	-2.119926	-1.7414912	1.8220705	0.8355302	-2.8117802
tsk_2635	1.9907291	3.3728437	4.7821116	-2.5029943	-0.5118081
tsk_2640	-1.6326278	-0.3183267	-2.1878753	-0.7966781	-0.37000197
tsk_2651	0.21626133	0.48352426	-1.7861607	-2.1561334	1.3688251
tsk_2655	-2.5518832	-1.120934	1.1481996	-1.4333963	-1.6937852
tsk_2656	-1.336566	-1.075534	0.5270935	-2.6260126	-3.5872762
tsk_2661	-2.4914417	-0.21836364	-0.47356072	-3.7454484	-1.1075916
tsk_2666	0.24038322	-0.5241092	1.5448506	-4.0432563	-0.8163093
tsk_2679	-2.4601424	-3.4903693	0.20958844	0.9924483	-1.5972588
tsk_2709	-1.6743841	-0.6143534	-0.6334374	1.5864148	-1.2949787
tsk_3137	-0.602694	2.4996367	-2.7154245	2.24591	0.40765956
tsk_3140	-0.461559	-1.7390221	-2.0404003	-0.67360735	0.9217811
tsk_3145	-0.52845883	-0.8519097	1.909454	-1.4879968	0.19430907
tsk_3163	-1.9785869	-1.8076725	-2.0851636	-1.5783316	1.4348428
tsk_3168	-0.8338907	1.6765741	1.40907	1.6685355	1.4816023
tsk_3169	-1.9981527	-1.0116568	-1.6847713	-0.494336	1.4984273
tsk_3175	-1.5711379	-4.841068	-1.0372324	-1.290186	2.6874652
tsk_3184	-3.4256938	-0.4379427	-0.8520417	0.45555195	2.6604822
tsk_3186	-4.348311	-3.8377972	0.6061163	0.5042145	1.3599395
tsk_3193	-0.9701946	0.24288698	0.71130997	0.95752335	2.7598696
tsk_3199	-0.9466496	-1.4261768	0.6244836	1.2242603	1.817379
tsk_3201	-2.574152	-1.5060601	-1.873032	-0.17343523	2.784723
