IID	PC1	PC2	PC3	PC4	PC5
tsk_0	-1.1938095	-1.1445183	-0.0034766952	1.1736443	-0.9965114
tsk_10	-1.2766002	-1.3011305	0.0998909	0.44540563	0.6880397
tsk_15	-1.1685876	-1.3817015	0.21913713	1.4017233	-1.0937395
tsk_16	-0.9279993	-1.168589	0.06234111	1.2240412	-1.1180519
tsk_19	-1.1684706	-1.1708715	0.021380013	0.6308273	-0.05383844
tsk_25	-1.2167158	-1.3257039	0.17900439	0.87551665	-0.17659754
tsk_26	-1.3507751	-0.53955543	1.5134649	0.7733972	-0.99900633
tsk_27	-1.3154001	0.5019485	2.2644928	0.7838937	-0.631125
tsk_29	-1.2677381	-1.0139136	-0.118570685	0.86927545	-0.18393527
tsk_45	6.200556	-0.6967702	0.3779391	1.7836182	-0.5517188
tsk_47	1.7762855	-1.0699912	0.40556902	1.1765394	-0.66085726
tsk_49	2.7917345	-0.76620686	0.18081684	1.6671942	-0.8373385
tsk_51	-0.86393523	-1.1728578	0.0318136	-0.5046316	0.052238286
tsk_56	-1.136927	-0.9864965	0.63955176	0.6906574	-0.26959708
tsk_60	3.1330307	-0.53230286	0.26876736	-1.8591017	-0.76720524
tsk_65	2.8373737	-0.4820183	0.63414997	0.7988373	-0.37603912
tsk_67	6.62932	-0.577845	-0.11607809	-0.48822877	0.6319349
tsk_68	7.0496516	-0.29211962	-0.08454485	-0.19841263	0.68499756
tsk_76	-1.1158237	-1.3879285	0.04256906	-0.8918916	0.3995832
tsk_83	-1.2464968	-1.406407	0.165391	0.16030566	-0.48868698
tsk_88	-1.2623522	0.28210956	1.8402158	-0.5017072	-0.61019635
tsk_93	3.0783508	-0.87513393	-0.044784375	-1.7589797	-0.7097349
tsk_97	-1.0103849	-1.0532905	-0.40442064	-2.159283	-1.8566531
tsk_99	-1.1557611	-1.1193861	-0.100231975	-0.14670247	1.0750504
tsk_101	2.194257	-0.86406267	0.024702897	0.37933543	1.0212147
tsk_111	3.5089836	-0.62915796	0.3352333	-1.3626084	-0.735569
tsk_127	-1.224198	-1.1844095	-0.014817208	0.7128127	0.5802738
tsk_134	3.4832387	-0.7532971	-0.09052954	-0.1193813	0.71585155
tsk_146	-1.2838812	-1.1282344	-0.044019308	0.54939514	-0.24368401
tsk_153	-0.784025	-1.654121	-0.06420137	-3.3734882	-3.0171301
tsk_178	-1.2818848	-0.80080616	-0.12829126	1.6962769	-1.0793239
tsk_272	7.2712955	-0.6160083	-0.10956923	-0.8813764	-0.52655286
tsk_276	3.3005655	-0.63279885	-0.14826861	-0.9276905	-0.023951212
tsk_286	7.2006435	-0.25553063	-0.25726467	-0.23730484	0.99113345
tsk_287	2.462378	-0.94951254	-0.029418603	0.22428824	0.44478416
tsk_289	3.327031	-0.50564474	-0.12985176	-0.5128048	0.40529528
tsk_298	3.0754259	-0.948802	0.051404633	-0.6940421	0.21142131
tsk_329	-0.8444298	-0.39221895	0.73928565	-1.1027476	-0.42041686
tsk_332	7.1924114	-0.5999919	7.5857685E-4	-0.82003623	0.20631619
tsk_335	6.07185	1.2769759	2.02542	1.0629961	-0.42431265
tsk_336	-0.3754376	-1.2860214	0.055353343	-2.0324452	-0.65640706
tsk_342	-0.475345	-1.4251595	-0.1003596	-1.8433223	-0.73727345
tsk_344	-0.82957333	-1.3735745	0.0059050457	-1.3953483	-0.66141266
tsk_349	-1.1384265	1.572526	4.237028	-1.4432681	-0.14976066
tsk_350	-1.0438274	-1.4099828	-0.012665393	-1.4545493	-1.0888281
tsk_354	0.081672065	-1.0455072	-0.13584588	-0.5152305	0.14325598
tsk_355	2.8722324	-0.9984324	0.22455974	0.26763803	0.3857674
tsk_359	-1.0440573	-1.0974824	-0.30544272	-0.16844043	-0.26863894
tsk_364	2.6744888	-1.0897278	0.24683328	0.1312364	-0.103493795
tsk_365	3.5504293	-1.100233	0.22387518	-0.88013	-0.56618553
tsk_371	-1.0808482	-1.058944	-0.079552345	-0.942342	0.30849078
tsk_372	-0.97779137	-1.4150802	-0.06190205	-2.4120364	-1.1930584
tsk_375	-1.1121383	-1.3901045	0.17578734	-0.7735662	0.36518696
tsk_376	-1.1194096	-1.225749	-0.013697678	-0.45582652	-0.018807925
tsk_377	2.2790065	-1.1951694	0.28119087	0.27450788	0.7011248
tsk_378	2.346117	-1.1568459	0.1473069	-1.336742	-1.1240591
tsk_379	-1.0205543	-1.4366393	0.0018818922	-1.908483	-1.4580292
tsk_381	-1.0215751	-1.2889876	-0.010213997	-0.5642842	0.25781697
tsk_385	-1.1188443	-0.6575376	0.32736164	-2.1465113	0.045199007
tsk_386	-1.282604	-0.8400851	0.4839552	-0.1970788	0.8584976
tsk_395	-1.1132554	-0.9808036	-0.04684173	0.105055414	0.25099698
tsk_397	2.9904969	-1.2041969	0.18907543	-2.0252707	-1.1146799
tsk_399	-0.75559646	-1.6636605	0.269481	-0.74038684	-0.4135015
tsk_400	-1.2085576	-0.63882446	0.62788683	-0.14088662	0.6003273
tsk_402	2.7307422	-0.68340844	-0.15561156	0.05476121	0.15108128
tsk_403	2.9436576	-1.1106775	0.25279874	-0.45736465	0.079077125
tsk_405	2.1225767	-0.85219246	0.061084352	0.97566086	0.19489439
tsk_406	-1.2413495	-1.2568765	0.14231074	0.4075257	0.19435793
tsk_409	-1.2310042	-0.80869925	0.33797437	-0.26521993	0.4246437
tsk_413	-1.2749349	0.47208664	2.23293	-0.16481522	0.4118886
tsk_414	2.8172112	-0.41330117	0.29557565	-0.16226873	0.375688
tsk_415	-1.1712337	-0.8885465	-0.27211764	-0.40206933	-0.16787481
tsk_416	-1.1967235	-1.0309235	-0.07659103	-0.17940849	0.6995477
tsk_417	-1.249307	-1.0575315	-0.12606241	0.21702315	-0.026487065
tsk_418	-1.1682223	-0.9099597	0.2716142	-0.13323198	0.3406118
tsk_419	-1.1987958	-0.9508692	-0.2931502	-0.33147058	1.0196629
tsk_420	-1.1884573	-1.1991018	-0.043298297	-0.52364224	0.49071622
tsk_422	-1.1667782	-1.1626403	0.08661303	-0.20349403	0.5593335
tsk_424	2.7152913	-0.46893185	-0.13293359	0.2874943	0.9544169
tsk_425	2.4383671	-0.6987046	0.04553554	0.26637048	0.9041295
tsk_426	-1.1145025	-1.0136486	-0.17903416	-0.44868326	0.61443514
tsk_428	-1.288164	-0.7804621	-0.1289711	0.3860112	0.53492904
tsk_430	2.3473752	0.4603775	2.1380956	-0.19320457	0.795127
tsk_431	-1.2156794	-0.9641448	0.18839073	-0.04946395	0.42263553
tsk_432	-1.2410003	-1.3818351	0.13632543	0.54566896	0.18798451
tsk_434	-1.2136849	-0.07092355	1.5313084	-0.5156206	-0.05344102
tsk_435	-1.2062778	-0.9704853	-0.21147227	-0.1091688	0.7456265
tsk_437	-1.2247113	-0.82093465	0.18437283	-0.09934546	0.98763573
tsk_440	3.277844	-0.7386477	-0.14476867	-0.118847646	0.7187675
tsk_441	-1.2162397	-1.2592591	0.22680664	-0.3222123	0.9098839
tsk_442	-1.2297913	-0.87653035	0.50528204	-0.4313744	0.7848835
tsk_444	2.6872678	-0.5502059	0.08875731	0.62868166	-0.004428393
tsk_447	-1.1943754	-0.81467617	-0.23233192	-0.27682102	-0.122436695
tsk_449	-1.1951916	-0.811349	-0.30119234	0.10291053	0.87789834
tsk_451	-1.342344	0.6283886	1.9081931	-0.13470355	-0.16558178
tsk_452	-1.4712074	0.64800197	1.6357145	0.01141284	0.5096819
tsk_454	6.9629836	-0.2181757	-0.06089438	0.0045045563	0.95075285
tsk_455	-1.218474	-0.83469456	-0.33972016	-0.6814862	0.36941004
tsk_456	-1.1323428	-0.9709738	-0.16572627	-0.19090043	1.075043
tsk_459	-1.1584475	-1.357689	0.006821649	-1.2387246	0.32983068
tsk_461	-1.133583	-1.1289958	-0.06850124	-0.07438557	1.3161336
tsk_463	2.8918045	-0.51124036	-0.07874115	-0.11987676	0.6253506
tsk_464	-1.3116422	0.3161765	2.034033	-1.3239664	0.0952803
tsk_465	-1.2209628	-0.747689	-0.13923588	-0.9054801	0.6405283
tsk_466	-1.0149068	-1.0510418	-0.3176256	-1.1153463	0.84749323
tsk_467	-1.0737592	-1.4528928	0.28618115	-0.5254327	0.14437684
tsk_468	-1.0925626	-0.7640756	-0.09107283	0.2231719	0.44326246
tsk_471	-0.9297678	-1.0275903	0.10765438	-0.7418115	0.8641304
tsk_472	-1.1321821	-0.6794783	0.6183726	-0.43717793	0.6475432
tsk_473	3.1420515	-0.66787773	-0.077489145	0.26882508	0.068072416
tsk_474	-1.1986053	-1.1966206	0.048016015	0.14831717	0.48201793
tsk_476	-0.84112155	-0.7999618	-0.1324121	-0.08031183	0.4686146
tsk_479	-1.2049754	-0.83315325	-0.34026143	-0.61417454	0.40765232
tsk_480	-1.2103282	-1.1258298	0.10433505	-0.55370533	0.89832205
tsk_481	2.0544832	0.6593229	2.0775735	-1.2122117	-0.0012835902
tsk_482	-1.2700377	-1.3071109	0.22267383	0.15469776	1.3832054
tsk_483	-1.1283549	-1.1787773	-0.141802	0.07188999	0.41490573
tsk_485	-1.229664	-1.2465281	-0.007695596	-0.20744385	1.2579262
tsk_491	-1.032967	-0.9664355	-0.010040556	-1.0787923	0.7953295
tsk_494	-1.2806888	-0.76835746	0.1565026	0.6516228	0.072560094
tsk_497	-1.0944016	-1.2538029	0.045852285	-0.2951095	0.43240014
tsk_502	2.8942988	-0.4119388	-0.22022507	-0.37473407	0.7426671
tsk_503	-1.3337566	0.66771007	1.5950625	-0.15193543	0.27359733
tsk_505	-1.1761291	-1.4304711	0.047533575	-0.5563353	0.47094336
tsk_514	-1.2333686	-1.2028347	0.029919667	0.1090374	1.5935366
tsk_523	-1.3196342	-0.32570258	1.4150612	-0.085197635	0.84851706
tsk_524	-1.1135086	-1.251097	0.05067932	-0.038355105	0.9050049
tsk_526	-0.9985469	-1.3358464	0.011687016	-0.17554195	1.0278603
tsk_527	6.3273444	-0.48337924	0.037932545	0.5331823	-0.060601503
tsk_528	-1.2068048	-1.1924973	0.037485123	-0.19831906	0.56556153
tsk_530	-1.1174412	-0.981449	0.19095552	-0.5795726	0.25226492
tsk_531	-1.1526567	-1.2857852	-0.013895038	-0.81928897	0.40179217
tsk_535	-1.114624	-1.0234035	0.0025409067	0.06927428	0.7754493
tsk_536	-1.1827027	-1.4232577	0.16910914	-0.11471266	0.67139465
tsk_545	-1.1886765	-1.4405396	0.16480131	0.1885671	-0.24974252
tsk_557	4.0470924	-0.7392856	-0.23400243	-0.9311649	-0.8119105
tsk_559	2.0420241	-1.215673	-0.18256865	-2.4605165	-2.1693738
tsk_560	3.0865824	-0.755814	-0.17929076	-0.16170464	0.62485766
tsk_562	-1.0516464	-1.284585	-0.23449144	-1.5843586	-1.3641672
tsk_564	-1.2389036	-0.9993832	-0.14049365	-0.13305993	0.7337549
tsk_572	-1.2262743	-1.0807813	-0.013298633	-0.6845595	0.86932164
tsk_573	-1.2559872	0.1526462	2.289467	1.1112591	-0.8154561
tsk_577	-1.2784877	-1.193521	0.06675072	0.5316455	-0.61334926
tsk_579	-1.3481449	0.28371066	1.971933	-0.83743507	0.63120973
tsk_581	-1.2254032	-1.1551554	-0.03230692	-0.2018405	0.9709213
tsk_584	3.128353	-0.899698	0.026043827	0.113192976	0.51201093
tsk_589	-0.9609547	-1.4899296	0.12529391	-1.929708	-1.8497633
tsk_591	-1.0993072	-1.1617868	-0.15496159	-0.8682462	-0.6290825
tsk_598	-0.8775597	-1.3270234	0.17666113	0.806665	-1.3366119
tsk_602	-1.3774894	-0.6093348	0.7984234	2.078331	-1.6300036
tsk_610	-0.92432106	-1.2145745	0.03748605	-0.0054193954	1.0465977
tsk_611	-1.0404463	0.16327833	1.1636086	-0.8681889	1.271031
tsk_616	2.6526868	-0.46997786	1.0520041	0.23738876	-0.61562216
tsk_619	-0.81303877	-1.2578335	-0.17258187	-1.9942796	-0.9463557
tsk_620	2.6725364	0.6466247	2.1100333	0.08197072	0.6355111
tsk_621	-1.2992959	-1.1889383	-0.03556436	0.21147174	1.1372893
tsk_635	-1.2097015	-1.3037411	0.09742401	0.30816177	0.10040352
tsk_638	-1.1552498	-1.1602585	-0.04902104	-0.85076994	0.13425218
tsk_641	-1.2131522	-1.504515	0.22604859	0.22867842	0.066098824
tsk_672	-1.1446503	-1.1703163	0.09274547	0.6855894	-1.2240478
tsk_680	-1.3865893	0.083557576	2.1127796	0.9004258	-0.6691827
tsk_682	-1.0424138	-1.3441497	0.14431554	0.6824749	0.08184129
tsk_683	-1.238313	-0.9545485	0.64542705	-0.046474222	0.7465892
tsk_693	-1.2177579	-0.5934617	0.8679164	-1.1118357	0.5891622
tsk_694	-1.2692553	-1.041862	-0.09069335	0.073681444	0.31092373
tsk_704	3.0135248	-0.52670133	-0.23258106	0.015201807	0.9004535
tsk_707	-1.1738061	-1.3964894	0.10579507	0.11022783	0.3663419
tsk_718	-1.22613	-1.0210018	-0.093898706	-0.07218644	0.43542257
tsk_724	6.568964	-0.56532055	0.18557478	0.27053854	0.09988596
tsk_748	-0.90882003	-1.3706869	0.09867951	-0.92669296	-0.6130053
tsk_749	-1.1407855	-1.1447022	-0.063199796	-0.44831192	0.13905866
tsk_751	-1.277849	-0.80914044	1.0164956	0.9573877	-0.5939641
tsk_752	-1.162055	-1.3315485	0.21921214	0.5584573	-0.38539195
tsk_756	-1.0091743	-1.2676984	0.0019942964	0.28311214	-0.065045744
tsk_757	1.552261	-0.8519267	0.11478725	0.9247308	-0.25145945
tsk_759	-1.2334391	-1.3852425	0.07523719	0.20502937	-0.53586394
tsk_767	-1.1779231	-1.1956444	0.08468501	-0.13878183	0.23083349
tsk_776	2.8606377	0.4454727	2.1125505	-1.0668359	-1.3903635
tsk_777	6.3997774	-0.76389736	0.25524798	-0.524143	-0.11672945
tsk_778	-1.2546315	-0.5178716	0.82408774	-0.007529624	0.31771895
tsk_785	5.878646	-0.43633178	-0.07996108	0.24449892	-0.17829417
tsk_787	-1.1781992	-1.2064027	-0.02699107	-0.6736099	0.5756956
tsk_794	-1.3489406	-0.3057789	-0.2955614	-0.2029839	0.30604014
tsk_795	-1.3522773	-1.2349209	-0.035420768	0.7732846	-1.0820143
tsk_797	-1.2880342	-1.2609372	0.056359943	0.22200447	1.2861904
tsk_799	-1.191036	-1.1583171	-0.038909838	0.08813583	0.38372585
tsk_1242	-1.437125	1.7927809	-1.9912103	0.44292957	-0.48393136
tsk_1263	-1.4850668	1.6138735	-1.8805346	0.6191779	0.055779014
tsk_1267	1.427868	2.2316597	-2.1387024	1.1144878	0.004668202
tsk_1282	-1.680655	4.46342	2.0359812	-0.5157738	-1.1075174
tsk_1316	-1.4691495	2.0416481	-1.9064207	-0.527165	-0.005343285
tsk_1324	-1.6033286	1.5554786	-1.865928	1.5468065	-0.64740545
tsk_1328	-1.4963578	1.659776	-1.8749748	0.47959533	-0.016679758
tsk_1329	-1.4190872	1.617572	-1.948191	0.26953334	-0.7205412
tsk_1331	-1.4120663	1.7006238	-2.0210812	0.667544	-0.24271823
tsk_1333	-1.2083411	4.9602795	1.8822818	-0.40705335	-0.526065
tsk_1350	-1.3662344	1.8558812	-2.158978	-0.25786215	-0.22696175
tsk_1382	-1.4433243	1.8617121	-2.1358833	0.041111123	0.58511627
tsk_1383	6.4116535	2.7855017	-1.6298965	0.34743112	0.32928342
tsk_1389	-1.6316769	4.741868	1.9032803	-0.51976514	-0.1992332
tsk_1395	-1.3886286	1.8824625	-2.1364534	-0.3192029	-0.39841074
tsk_1415	-1.7117075	4.454809	2.330206	0.2886176	0.13517593
tsk_1418	-1.4252533	2.1471152	-2.5148134	-0.35858476	0.30832806
tsk_1422	-1.2384428	2.4266298	-2.7589483	-0.6189872	-0.70576626
tsk_1452	-1.4372137	1.6554394	-1.87471	0.5996286	0.34454098
tsk_1453	-1.3930919	1.6677566	-2.0149968	-0.10599325	1.0785931
tsk_1455	-1.7175106	4.722562	2.221023	0.0078592375	0.14042002
tsk_1463	-1.5006777	1.8509933	-1.6515435	0.44956923	0.79631865
tsk_1499	-1.6293322	3.5512667	0.6172074	-0.5828519	0.4232408
tsk_1500	-1.545212	2.5106628	-1.0674225	-0.1412464	3.452603E-4
tsk_1522	-1.4686794	1.7178942	-1.9121612	0.81698287	0.4810403
tsk_1531	-1.4700304	1.6717817	-1.9349059	0.17048997	0.34894687
tsk_1533	1.9260925	1.9232916	-1.8864899	-0.24829504	-0.42304274
tsk_1534	-1.3526933	1.5947206	-1.8612034	0.4414329	0.40601748
tsk_1536	-1.3122761	1.8127921	-2.0380414	-0.48797157	0.28128085
tsk_1538	-1.7209208	4.6759114	2.231904	0.086908326	0.57769984
tsk_1546	-1.673512	3.550654	0.61964923	0.17234701	1.0952249
tsk_1550	-1.4922844	1.8797396	-2.1216369	0.6220624	-0.21321937
tsk_1631	-1.4109851	2.6765625	-2.9368696	-0.913155	-0.029650735
tsk_1646	2.4076707	4.0092926	-0.34445053	-1.12444	-0.21653904
tsk_1660	6.642061	3.2512586	-2.202317	0.33963868	-0.12971681
tsk_1662	2.3761508	2.9839349	-2.94894	0.13864091	-0.7369007
tsk_1733	-1.3137534	3.9360566	-0.70466447	-0.9937037	-0.530466
tsk_1797	-1.4434751	1.5634261	-1.8354719	0.55956614	0.48064464
tsk_1809	-1.4136124	2.7983959	-2.589804	-1.2224013	-0.5818081
tsk_1823	-0.84589577	2.7300324	-2.492217	-0.6759414	0.18318024
tsk_2073	-1.3305165	-0.37254894	0.6598291	1.222819	-0.6722802
tsk_2074	-1.1957273	-0.77862954	-0.19211717	1.0373003	-0.31755593
tsk_2078	-1.0934486	-0.7570371	-0.2364605	0.7761535	-0.13857237
tsk_2085	1.8150845	-0.5973473	-0.07123939	1.4991812	-0.3794298
tsk_2115	-1.2025661	-0.7716046	-0.1664215	1.2911729	-0.5912476
tsk_2116	1.7318174	-0.59226614	-0.15581582	1.3489562	-0.30294198
tsk_2118	-1.0109891	-1.0672977	-0.025221271	0.8795451	-0.065071665
tsk_2120	-1.2231108	-0.61047786	-0.22723351	1.7927113	-1.3586756
tsk_2124	-1.2782052	-1.0464227	0.010394887	1.483279	-1.0022752
tsk_2126	-1.1625628	-0.6657735	-0.21646486	0.8099825	-0.07631047
tsk_2132	2.829403	-0.42688775	-0.20097436	0.8402325	0.066221915
tsk_2136	1.8220842	-0.68238515	-0.12488122	1.32788	-0.40529507
tsk_2138	-1.3121791	-0.6454814	-0.33516753	1.2795676	-0.42730767
tsk_2148	1.6790079	-0.45590016	-0.31270435	1.5770543	-0.8395408
tsk_2149	-1.1656849	-0.88244534	-0.12426969	1.0992023	-0.42411795
tsk_2155	1.8364375	2.100625	3.4535322	1.4559456	-0.6481368
tsk_2158	-1.2656897	-0.8559721	-0.15245497	1.1570401	-0.5231413
tsk_2160	1.705349	-0.21046948	-0.40883207	1.7075162	-0.4750846
tsk_2169	-1.5671405	1.9863709	3.957873	1.1504867	-1.0471377
tsk_2180	-1.2806866	-0.27343234	0.61779886	0.9547351	-0.4090572
tsk_2183	1.7964302	-0.5526296	-0.2589393	1.3185863	-0.55788714
tsk_2186	-1.2526991	-0.6491326	-0.15723519	0.68778014	0.2044417
tsk_2188	-1.2350235	-0.89625955	-0.15554267	0.82197595	-0.09249847
tsk_2204	-1.2182693	-0.79833704	-0.18399884	0.9376613	-0.23527756
tsk_2205	-1.1996205	-0.44453457	-0.3691017	1.7568786	-1.231912
tsk_2206	-1.1873076	-0.83065915	-0.16060857	0.7745555	-0.21614347
tsk_2210	-1.1223468	-0.86629146	-0.12996931	1.1448753	-0.49273774
tsk_2211	-1.2216562	-0.58470607	-0.3553559	1.0417726	-0.53404385
tsk_2218	-1.5325655	2.1738904	3.8078442	0.57827747	-0.3289607
tsk_2227	-1.0589882	-0.96911865	-0.040412597	0.28935668	-0.007766141
tsk_2232	-1.2131033	-1.0618283	0.011338013	1.4962792	-0.7664467
tsk_2235	-1.2482114	-0.8046944	-0.20722334	0.9101174	-0.3421045
tsk_2244	-1.3261716	-0.9084764	-0.116822764	1.5983311	-1.0205585
tsk_2251	-1.1487788	-0.7494707	-0.027079219	1.0053067	-0.26157314
tsk_2253	1.7308985	-0.3390981	-0.338648	1.2583334	-0.07001635
tsk_2259	-1.2319123	-0.73483735	0.16289397	0.6716534	-0.74948645
tsk_2266	-1.1823858	-0.58180845	-0.36906418	1.1638479	-0.14222366
tsk_2281	2.7970736	-0.32163188	-0.2181356	1.1248945	0.05081572
tsk_2292	1.7980152	-0.6558802	-0.0688212	1.4546839	-0.377851
tsk_2620	-1.4682183	1.8212279	-1.9827613	0.24213438	0.55479234
tsk_2635	-1.7002035	4.6137624	2.1338682	0.19674507	0.22678307
tsk_2640	2.3249314	4.885755	2.228109	-0.02963546	0.3713665
tsk_2651	-1.7125236	4.6134152	2.1883512	-0.36884993	0.47709957
tsk_2655	2.2985494	5.0514154	2.2993448	0.15710574	0.5094264
tsk_2656	6.321578	5.3540525	2.4166594	0.5025929	0.4247787
tsk_2661	-1.4346697	1.4982425	-1.6992548	0.5805333	0.22365902
tsk_2666	2.588756	2.0086298	-1.7022011	0.78192425	0.4541563
tsk_2679	-1.6697915	4.611593	2.226798	0.06542721	0.6007416
tsk_2709	-1.7208982	4.608149	2.2599943	-0.26222998	-0.18446982
tsk_3137	-1.3686538	1.8573974	-2.0942469	0.16772942	0.6186653
tsk_3140	-1.550576	4.9974537	1.6074483	-1.1191518	0.06816187
tsk_3145	2.8389015	2.127647	-2.0759594	-0.21441628	-0.07413825
tsk_3163	3.4871364	2.4752579	-2.3343816	-0.3114511	-0.5666742
tsk_3168	-1.7957102	5.0920434	1.6175985	-0.13434263	-0.3208198
tsk_3169	-0.5258219	2.2827487	-2.342837	-0.6235044	0.004459884
tsk_3175	-0.84638834	2.3957422	-2.1972866	-0.4312514	0.001366307
tsk_3184	-1.2488565	1.9298526	-2.3011897	-0.46246442	-1.3960594
tsk_3186	-1.1893938	3.0922773	-1.612739	-0.70027995	-0.230149
tsk_3193	-1.1579667	1.9220068	-2.2478406	-0.40801004	-0.3272402
tsk_3199	-1.2654378	2.2094858	-2.4326882	-1.0544525	-0.7776435
tsk_3201	3.3711796	2.5917532	-1.9535285	0.28934127	-0.19436839
