157100
555941
1122665
1133805
1155610
1156385
1180284
1189552
1193096
1193777
1200719
1207699
1210468
1212517
1215366
2952548
3067017
3646260
3775373
3778135
4290330
4458666
4467608
4468020
4473544
4473879
4476746
4478878
4481666
4487812
4840235
4861876
4873351
4880749
5496307
5664803
6002270
6014102
6214227
6944745
7074424
7074425
7074426
7074427
7202731
7698933
7733994
7803848
7834564
8546816
9016941
9125158
9228053
9870370
10260980
10597558
11017488
11079905
11079906
11079921
11080000
11080011
11080013
11082920
11082938
11082961
11082962
11082970
11082981
11082983
11082989
11083005
11083006
11083556
11084232
11084233
11084711
11084752
11084769
11084773
11084779
11085418
11086639
11389497
11414977
11433166
11433903
11436526
13476447
13744527
13784059
13972894
14029608
14034211
14518861
14527441
14532316
14546231
14564319
14690351
14703604
14749226
14776787
14944315
14972686
14975636
15007553
15037389
15038096
15056953
15059061
16541894
16559649
17277892
17357276
17357839
17587881
19711159
19711418
19711939
19717233
19720563
19722284
20814981
22507624
22555257
22635349
22715149
22724648
22967890
23033182
23050117
23362205
23379890
23555088
23768204
24174520
24405041
24407960
24815814
24818368
24833240
24833826
24877421
24888606
25003508
25012656
25269452
25282676
26915384
27070289
27169677
27255054
27257489
27258767
27259401
27260554
27261944
27264357
27265434
27269708
27272986
27282653
27438828
27641705
28149832
28150544
28150953
28268558
28269315
28292789
28392437
28407958
28450179
28471560
29410594
29634465
30348756
30531627
30752502
31607723
32121288
32805524
32833591
32835365
32871271
32927611
32950336
32963247
32963704
32972031
32974031
32986327
33056244
33061268
33063849
33087634
33087881
33089899
33090429
33093037
33095632
33096898
33098625
33101447
33102107
33105224
33114146
33116674
33122328
33122950
33123596
33129292
33129589
33129754
33131907
33133205
33140562
33143085
33144151
33146030
33146609
33146632
33149504
33151161
33151822
33152955
33155088
33155994
33159513
33162092
33165994
33167553
33168602
33172731
33174395
33175458
33179436
33179624
33179662
33179815
33180068
33180587
33180629
33181020
33181173
33184464
33185742
33192379
33200588
33201264
33206029
33207201
33207386
33440533
33676405
33998353
34166368
