IID PC1 PC2 PC3 PC4 PC5 POPULATION
tsk_0 16.919594 -0.55871725 2.1027114 1.2026901 -1.4883258 MAN
tsk_10 -5.2287087 -1.7784563 4.423241 -2.5313263 -0.18994544 BAS
tsk_15 16.08932 -3.5658622 1.6035995 -0.65219223 3.207413 MAN
tsk_16 15.593337 -1.1727849 1.0352343 -1.2228179 -0.9165806 MAN
tsk_19 15.341896 -1.8446748 -2.3119857 1.6163706 -3.6906388 MAN
tsk_25 16.175512 -0.13772255 -2.4694712 1.000202 2.861169 MAN
tsk_26 16.785707 -0.63420045 1.161941 -1.9672015 2.648884 MAN
tsk_27 16.504318 0.55479944 0.13199319 -0.952737 3.461574 MAN
tsk_29 17.681944 -1.0220025 0.38649997 0.9512896 -1.4686427 MAN
tsk_45 16.56123 -0.7741572 0.09322794 0.4157769 6.2537546 MAN
tsk_47 16.194208 1.6089188 -0.00038574095 -0.40052295 1.9584708 MAN
tsk_49 15.284836 0.31038097 0.0023755375 0.5909098 1.0641887 MAN
tsk_51 -2.6619463 -0.1798757 -2.8530903 6.5182676 -0.29048598 PTH
tsk_56 13.846401 -1.5635391 3.0333989 0.020798264 -1.9964505 MAN
tsk_60 -1.7153412 10.236014 -2.240198 6.5387936 -1.8331556 HZP
tsk_65 16.769943 -0.23126075 0.9724613 0.6582653 1.6726596 MAN
tsk_67 -1.0635108 12.215371 0.69920313 -1.1514623 -0.15026256 HZP
tsk_68 -0.62012535 4.7235336 2.1303627 1.8695556 3.7266204 HZP
tsk_76 -4.4662967 -0.097850345 1.8613639 -3.001011 1.5822054 ADY
tsk_83 -2.60904 -5.989732 -3.870085 -1.229045 -6.892676 MZB
tsk_88 -4.687101 2.4824297 5.1336513 0.977452 3.1873581 PTH
tsk_93 -5.9974914 5.4597597 3.8428707 6.1043825 0.79302543 KLS
tsk_97 -6.2094455 1.842928 13.828007 2.1053174 -0.94218975 KLS
tsk_99 -4.7771406 2.571261 4.3561287 -0.8023415 1.9327481 ADY
tsk_101 -3.2451005 4.0211444 -0.43709677 4.10273 1.4647428 ADY
tsk_111 -3.00665 4.5553823 5.8492002 3.8295507 1.1688534 PTH
tsk_127 1.1137289 -5.0036945 -1.3624322 -0.87747544 -4.5539985 MZB
tsk_134 -1.763909 5.869915 -0.6537324 6.486797 -2.723182 HZP
tsk_146 2.6429822 -3.104354 1.3042148 -1.0380375 -4.5974946 MZB
tsk_153 -3.5024514 4.147849 9.57422 9.419991 -4.873797 KLS
tsk_178 16.378443 -2.177345 -0.11964582 -1.0985091 2.99521 MAN
tsk_272 -2.687393 8.870486 -1.9118012 5.367337 -1.3310951 HZP
tsk_276 -0.45957172 8.112437 -0.92077094 2.574288 -0.61149055 HZP
tsk_286 -0.2870558 8.319941 -2.6000934 4.5545125 2.1810293 HZP
tsk_287 -2.2816844 6.612028 3.6193352 -3.5270019 2.7219405 HZP
tsk_289 -1.4717792 7.6446033 -1.2759701 3.0744674 3.6177456 HZP
tsk_298 -4.081597 2.8303869 1.289573 2.5421016 -1.865016 HZP
tsk_329 -4.619351 3.762938 0.9214021 3.0543199 7.085896 PTH
tsk_332 -1.2814579 8.155789 -0.10949726 3.534123 -1.2297947 HZP
tsk_335 -2.0675895 3.6830096 -4.057402 2.5503662 4.290904 HZP
tsk_336 -5.660371 0.37401134 8.274632 5.72641 4.196404 KLS
tsk_342 -1.9869058 6.1982617 3.4076235 11.571053 -6.920615 KLS
tsk_344 -2.7906 2.971607 1.5898228 2.088258 0.66456395 PTH
tsk_349 -2.81894 -1.1897684 2.8980055 -0.09137348 4.2479086 PTH
tsk_350 -5.736712 0.9253932 10.903853 5.0265765 -4.8464856 KLS
tsk_354 -3.8957498 3.813132 2.219216 2.1348135 -4.1997433 PTH
tsk_355 -3.687191 -4.4086165 1.7017642 1.058869 -2.566835 BAS
tsk_359 -3.12942 0.068143405 2.436066 1.8916856 -1.6175758 PTH
tsk_364 -3.5201817 2.9562871 2.594837 2.4920955 0.10383921 PTH
tsk_365 -3.984566 4.811002 7.751705 3.551389 1.3657218 KLS
tsk_371 -5.0481486 0.99652654 -2.0817637 5.5386024 3.1443193 PTH
tsk_372 -4.2355456 0.9353523 1.8130182 10.141384 3.2017846 KLS
tsk_375 -6.3768373 -5.3728137 -4.024762 -3.0817842 3.9408708 BAS
tsk_376 -4.4187746 1.1202614 2.2679298 1.1349804 2.2771997 PTH
tsk_377 -1.7313176 6.4858685 -2.5733912 2.4263253 1.6719042 PTH
tsk_378 -3.9339583 2.7293952 7.8539248 6.905409 0.7089323 KLS
tsk_379 -7.367352 3.6587899 12.414525 0.88829815 -0.86498225 KLS
tsk_381 -5.9509344 -4.6642966 -2.18807 -4.2115736 -0.9041599 BAS
tsk_385 -8.492097 -6.965396 -5.8645806 -0.26085788 13.226431 FRN
tsk_386 -7.8556333 -4.0531645 0.16887619 -0.5670027 0.72902423 FRN
tsk_395 -5.6114206 2.3644705 -1.174977 0.39443803 3.5988739 RUS
tsk_397 -5.128358 1.9102529 10.814176 4.9932675 -1.5826201 KLS
tsk_399 -3.2677462 4.372876 -1.9073122 8.703766 0.9013275 PTH
tsk_400 -3.9118536 2.7276437 -0.9340685 -1.3695259 1.8320521 RUS
tsk_402 -4.3382998 0.8321922 -1.7874441 8.1027 1.9387957 PTH
tsk_403 -4.720941 1.5921358 7.190443 1.3171959 1.183835 KLS
tsk_405 -6.781864 -0.13551709 7.812681 -4.937897 0.5371738 FRN
tsk_406 -5.3624306 -4.282569 6.5106354 -6.4707537 3.1662903 FRN
tsk_409 -5.301908 -7.597992 -4.5315013 -2.404862 3.592858 BAS
tsk_413 -5.4927545 -1.6089994 0.39029863 -4.777501 6.4440265 RUS
tsk_414 -6.083948 -0.5715537 3.9296007 -5.9507647 3.6107757 FRN
tsk_415 -5.8306417 -2.791429 -4.150487 4.938234 5.526743 RUS
tsk_416 -6.8574357 -2.98354 -5.750741 4.221005 1.9934621 RUS
tsk_417 -5.231986 -5.2594414 -4.1430387 5.12265 -1.560171 FRN
tsk_418 -5.8829637 -5.503987 -2.0431073 -3.3939826 -2.8880162 BAS
tsk_419 -6.0407495 -3.2388802 -1.5690331 1.5799177 -1.405134 FRN
tsk_420 -6.1279545 1.0805607 6.525493 -4.4477262 0.6338904 FRN
tsk_422 -3.5916865 2.2396042 2.2072833 -0.018018559 -1.3677703 ADY
tsk_424 -3.714366 5.257976 -2.441269 6.9796863 2.3749642 ADY
tsk_425 -7.029538 0.16249578 0.65470654 -4.315095 5.0835104 RUS
tsk_426 -5.4036055 -4.6989436 -4.7631316 4.4226046 5.3484178 RUS
tsk_428 -5.4687047 -3.3690627 -0.17585735 1.5881423 4.099036 RUS
tsk_430 -4.6323133 -0.54507005 -3.83908 7.98586 6.3996572 ADY
tsk_431 -6.716205 -6.494936 -4.019754 0.020552585 5.862989 BAS
tsk_432 -6.5369716 -5.3642607 -5.342307 3.0048356 0.7984222 FRN
tsk_434 -6.35661 -3.3164468 2.419547 2.3813963 1.0987054 FRN
tsk_435 -5.0210447 -3.9624045 -0.8599109 -3.4991379 4.82295 FRN
tsk_437 -8.475294 -2.3856137 -2.0805874 7.645944 -1.472514 FRN
tsk_440 -6.0336385 -2.4630494 -5.700739 5.636544 1.1253194 FRN
tsk_441 -6.309614 -4.9755974 2.6421726 -0.07029794 3.6730742 FRN
tsk_442 -6.9289684 -1.901732 -0.4283073 -3.5058627 3.3023663 FRN
tsk_444 -6.2546964 -3.5776343 -0.025527341 1.2831455 -2.8600585 FRN
tsk_447 -6.6329446 -0.51221406 0.8297822 -2.4747195 1.6255908 RUS
tsk_449 -5.4218874 -7.0079694 -4.5684814 2.103476 -4.8393984 BAS
tsk_451 -5.8749185 -2.5458827 1.9846945 -1.253868 8.753446 RUS
tsk_452 -4.9707794 -4.0937147 -4.543942 0.9885691 2.7346687 FRN
tsk_454 -3.151701 5.30287 2.009723 1.133429 4.0574064 RUS
tsk_455 -4.744096 -5.036936 2.6252496 -7.6203694 3.1840074 FRN
tsk_456 -7.130478 0.09853728 0.6531987 -1.1821474 -0.2389563 ADY
tsk_459 -3.8860965 -1.9556106 -4.929456 6.5069594 2.503374 ADY
tsk_461 -6.489876 -4.389998 -1.5463187 3.0010793 -2.8958473 ADY
tsk_463 -4.3821797 -0.59996367 0.35966507 0.46087173 7.2835517 RUS
tsk_464 -3.551668 -4.995807 -0.17727521 -1.6063094 0.9721749 BAS
tsk_465 -5.8534136 -1.3883181 4.668647 -3.6919353 3.3874235 RUS
tsk_466 -5.911719 1.7334056 1.0618896 0.008974381 -3.733947 ADY
tsk_467 -6.446335 -2.9622488 -0.21839917 1.4313194 4.6650534 RUS
tsk_468 -6.590288 -0.5292605 1.6806669 -2.0178316 3.0037475 ADY
tsk_471 -2.4251947 -1.3527662 -1.556128 0.86791176 3.65937 ADY
tsk_472 -6.9439335 0.6601756 0.77464825 -1.4832854 6.276436 RUS
tsk_473 -4.7313395 -1.6690933 -4.1903596 1.2001079 0.10363326 RUS
tsk_474 -4.029824 -3.8690488 2.9225345 3.7835548 -0.5254943 FRN
tsk_476 -6.4092026 0.09465248 4.1539097 -3.538798 2.1018708 RUS
tsk_479 -5.6467285 -1.8282303 4.4775715 -7.6502824 0.4726135 RUS
tsk_480 -4.813684 -1.2643017 -2.7779744 5.5577583 -1.8343208 SAR
tsk_481 -4.786049 -0.2734987 0.8304543 -1.4890336 3.7533922 RUS
tsk_482 -6.9661436 -6.9192104 -2.552374 -4.082353 -2.6624482 SAR
tsk_483 -4.3451676 -0.18489522 -1.3736055 0.63626623 -1.3545588 FRN
tsk_485 -6.127157 -0.30426228 4.8088956 -4.6431026 0.5382322 RUS
tsk_491 -5.5493712 -2.27764 6.7161775 -3.6129928 -0.20519952 ADY
tsk_494 -5.865035 -3.4180965 5.6902585 -5.7052903 -0.12042941 SAR
tsk_497 -5.6823997 -6.188732 -1.0506419 3.1075978 -2.1313756 SAR
tsk_502 -4.8642945 0.10594166 2.035365 -0.8738401 -0.647532 ADY
tsk_503 -6.0824738 -5.4592905 -3.6987934 -2.2864704 -1.5665681 BAS
tsk_505 -4.8375654 -4.4207115 3.7954395 -1.7047899 -3.7666683 SAR
tsk_514 -4.5596724 -3.5455632 -2.014625 1.1214347 -3.764749 SAR
tsk_523 -6.963884 -6.3631997 0.22507788 -3.548421 0.16994502 SAR
tsk_524 -5.680941 -5.876418 5.0366473 -1.5464996 -4.997047 SAR
tsk_526 -4.2889876 0.24304476 1.28269 0.5285384 0.004910956 HZP
tsk_527 -2.6834762 7.374159 -1.6591073 5.3464384 -0.9429265 PTH
tsk_528 -3.004859 0.21309677 2.566433 1.6701041 2.5884628 PTH
tsk_530 -4.466966 3.9451935 0.81797063 5.5797877 0.9091147 PTH
tsk_531 -6.12128 -3.408047 -1.7015315 4.4568076 -4.917158 SAR
tsk_535 -4.8901877 -6.4245644 -5.021407 -2.5832343 2.452596 BAS
tsk_536 -4.622636 -7.5796165 -1.7568088 1.5705125 -3.7618823 SAR
tsk_545 -4.761695 -0.9656259 1.9281324 -1.6847705 -1.8588865 HZP
tsk_557 -1.8615037 7.839866 -0.6106111 5.2196326 4.3920126 HZP
tsk_559 -4.7194986 2.8267226 9.748279 8.535179 -4.878148 KLS
tsk_560 -3.5180497 6.280004 -0.8100749 6.136594 -1.0192165 HZP
tsk_562 -6.5420156 2.8262184 7.7890954 7.256789 -3.3175168 KLS
tsk_564 -4.4800463 -7.0731645 0.30756027 0.10573952 -3.6940446 SAR
tsk_572 -6.3938093 -5.058864 0.49170095 0.36563554 -4.5663915 SAR
tsk_573 14.2103615 -1.135627 3.4702199 -3.046711 6.0389075 MAN
tsk_577 1.2228761 -3.177092 -1.3823249 -1.8533691 -6.527739 MZB
tsk_579 -5.7698665 -3.9661775 1.8030783 -2.883365 -2.9647548 SAR
tsk_581 -6.7171545 -4.709954 -1.2062223 -0.38453197 -0.005720734 SAR
tsk_584 -3.8664715 4.7020683 -3.9267013 6.4674373 3.9671495 HZP
tsk_589 -2.6021528 0.7204563 2.9557133 3.4412947 -5.3521137 KLS
tsk_591 -4.854839 1.570977 -3.7729895 4.4152317 0.87945735 PTH
tsk_598 0.6605776 -2.958715 -6.132768 3.12468 -4.840676 MZB
tsk_602 16.595877 -2.6096208 -2.5642533 2.1654198 2.7851644 MAN
tsk_610 -4.672931 -4.807773 -3.0879824 3.4365232 0.92479247 SAR
tsk_611 -4.8519106 -3.4377809 -2.7531037 -2.339485 -2.359495 BAS
tsk_616 -2.1242175 -7.0494914 -3.4724708 -2.4258525 -5.699766 MZB
tsk_619 -5.4585543 1.8212363 9.633005 1.6072036 0.6631281 KLS
tsk_620 -5.604173 -4.3945093 -1.6136236 -1.4758558 1.464711 SAR
tsk_621 -3.7274206 -6.602476 -5.821236 2.232509 -8.579767 SAR
tsk_635 -1.8520335 -2.875785 0.78266215 -3.451655 -5.4430623 MZB
tsk_638 -5.2894406 -4.6643395 0.8390541 -3.5845075 -0.9894656 BAS
tsk_641 -1.411736 -2.9460428 0.009388839 -1.9484539 -2.7678747 MZB
tsk_672 10.786814 -0.5311451 -1.7836348 4.2234464 -1.3394139 MZB
tsk_680 16.287159 -0.6477794 -0.06716587 0.45799422 1.6688908 MAN
tsk_682 -1.8876668 -4.7787147 -0.20430145 -0.40937713 -6.87555 MZB
tsk_683 -5.270982 -5.665779 -2.4468746 0.0344333 -0.534947 BAS
tsk_693 -7.032341 -3.8821352 -4.419575 5.288432 1.8416543 BAS
tsk_694 -4.759945 -4.2982383 -6.867313 5.877107 -3.0957718 SAR
tsk_704 -3.799404 -5.7341495 1.9796265 -5.813387 -3.0593226 BAS
tsk_707 0.039009232 -6.69321 -1.5522821 2.1786497 -5.4902973 MZB
tsk_718 -7.1191993 -4.5366406 -0.67490995 -0.39845285 -1.96176 BAS
tsk_724 -1.8674383 6.091809 2.3845487 3.6821165 -1.9587665 PTH
tsk_748 -4.4712067 3.1698217 10.733091 1.5988407 -3.0812492 KLS
tsk_749 -6.709959 -1.5471193 -2.2825255 -3.3939342 0.6976723 BAS
tsk_751 16.223621 -2.3097613 -2.5570385 -0.9688113 -0.028685803 MAN
tsk_752 -1.8134983 -5.121568 -3.7492852 -1.4350706 -3.2559447 MZB
tsk_756 -1.1750308 -2.923236 4.5948534 -7.476768 -6.7486534 MZB
tsk_757 3.9901109 -3.975452 2.606937 -5.776813 -0.17772992 MZB
tsk_759 0.46379519 -5.406851 2.0159736 -8.631756 -3.553058 MZB
tsk_767 -5.3693438 -2.7891357 -7.5668874 2.3109314 -2.1933396 BAS
tsk_776 -5.9474773 3.3593748 11.027938 6.194929 0.73972213 KLS
tsk_777 -4.9464226 5.873777 8.080267 5.4147453 -1.7092838 KLS
tsk_778 -1.5898737 -6.721681 -2.8514388 -2.36278 -3.939763 MZB
tsk_785 -3.5259912 5.0197153 -0.20212488 5.4506297 -4.1250353 PTH
tsk_787 -5.7823772 -5.8295226 0.40761212 0.42696562 -5.6730585 SAR
tsk_794 -2.885706 -4.077183 -1.7069765 -3.087388 -2.3993673 MZB
tsk_795 0.5364522 -5.481498 0.0071490733 -5.2305536 -8.868752 MZB
tsk_797 -3.7324004 -5.798692 -1.247803 -1.6606339 -5.0178375 SAR
tsk_799 -3.0229733 -5.4305387 4.202741 -6.017728 -6.357799 MZB
tsk_1242 -4.884076 -4.095717 -1.8565449 -1.8742619 0.4955517 PUR
tsk_1263 1.2871963 -3.1584325 -4.262994 -0.77805275 -3.5355265 PUR
tsk_1267 -1.1657431 0.29868805 7.9828377 -2.238902 -2.2510931 PUR
tsk_1282 -2.9013019 2.1751268 -4.751601 -0.90811676 6.091912 PUR
tsk_1316 -1.5803235 0.84542614 0.9916968 -3.8542824 -0.19230819 CLM
tsk_1324 8.7751045 4.1925073 1.376717 -0.051977918 -1.9693216 PUR
tsk_1328 -4.235384 -1.885226 -1.2714344 0.40452904 -7.0429463 PUR
tsk_1329 -3.8897579 -1.8259165 -2.7595797 -0.671089 -0.7056749 PUR
tsk_1331 -4.491123 3.8950803 2.8558059 -8.15338 -4.3147335 PUR
tsk_1333 -2.1973076 7.736062 -3.8204377 -3.5558221 -0.5390622 PUR
tsk_1350 -4.1737823 -0.42642605 -4.4559126 -3.044142 -2.2053661 CLM
tsk_1382 -4.3320327 -1.5623803 -4.644988 -1.5738783 -4.0666604 CLM
tsk_1383 -0.4946249 5.283512 1.0067444 -2.846446 -2.9107685 CLM
tsk_1389 -3.090025 6.667193 -2.5619886 -4.183933 2.3176298 CLM
tsk_1395 -2.657735 7.136685 -9.426726 -1.7026603 0.4918129 CLM
tsk_1415 -5.5633683 -5.2586865 -1.7698708 0.061229356 2.2740457 CLM
tsk_1418 -4.9754424 -0.5854741 -6.8036494 3.7132878 -2.8542762 CLM
tsk_1422 -4.1572533 10.487698 -3.2048485 -5.1474276 0.878526 CLM
tsk_1452 -4.2895474 -4.3110967 -4.704846 0.84620327 -0.021632267 IBS
tsk_1453 -5.2067423 -2.7858374 -3.5369942 0.89535147 1.0064436 IBS
tsk_1455 -3.9868875 -5.816488 -4.5352345 0.4185552 6.098746 IBS
tsk_1463 -6.1415057 -1.8670715 -0.8206185 -2.3859882 3.5153048 IBS
tsk_1499 -5.2205186 -6.106834 3.65267 -7.21086 -2.9397316 IBS
tsk_1500 -4.902683 -2.9086657 -4.998824 5.5961227 0.076446906 IBS
tsk_1522 -2.9009347 -2.5873463 -2.0392833 1.6351887 -4.47736 IBS
tsk_1531 -5.4105353 -2.7318084 1.5516765 -3.3575819 1.08261 IBS
tsk_1533 -5.5269456 -4.268307 -1.5590202 1.6748117 -0.18585078 IBS
tsk_1534 -4.606289 -4.904412 -0.49762288 1.8129467 -1.639898 IBS
tsk_1536 -5.448762 -2.813832 -0.399888 -4.394622 2.6339488 IBS
tsk_1538 -6.3456745 -5.430917 -3.7099001 -0.5148363 2.086957 IBS
tsk_1546 -6.525199 -6.1914206 -2.318893 -2.5232453 2.7870595 IBS
tsk_1550 -5.11581 -1.803933 1.5672002 3.730354 2.2351894 IBS
tsk_1631 -2.8214004 11.6350355 -4.8889174 -9.967914 -4.9350786 PEL
tsk_1646 -3.3887672 7.7198443 0.72011095 -4.9859505 6.491687 PEL
tsk_1660 -4.3358397 15.251727 -2.0887737 -6.509556 -0.11875082 PEL
tsk_1662 -4.075519 17.43385 -7.1246147 -10.255159 -2.2623749 PEL
tsk_1733 -3.6252024 16.63836 -6.33458 -6.4669256 -1.3794737 PEL
tsk_1797 -3.8986375 -4.8993993 -2.6085334 -1.5632709 0.97104776 IBS
tsk_1809 -4.264999 21.064869 -2.7898378 -8.511705 -2.4548512 PEL
tsk_1823 -3.142058 7.083654 -5.6805263 -2.30934 2.6315155 PEL
tsk_2073 18.413494 0.9234719 -0.67682165 -0.63046795 0.50969917 ESN
tsk_2074 15.754666 -0.0060757943 1.5840114 -0.59168553 0.3634179 ESN
tsk_2078 17.893223 0.6932886 0.5456774 -0.5122792 -3.8056927 ESN
tsk_2085 16.552303 0.86155164 0.102096744 -0.67560667 3.0721176 ESN
tsk_2115 16.41997 1.3664783 -3.806215 4.268041 2.1804905 MSL
tsk_2116 15.662717 -0.08278583 1.7922454 1.2772145 -1.3548888 MSL
tsk_2118 17.292465 1.371037 0.8439227 0.033978157 -1.3293287 MSL
tsk_2120 18.469608 -1.1142869 -1.349466 0.20676948 2.0638788 MSL
tsk_2124 17.681993 -0.77611023 -0.20381829 -1.5172818 -3.822837 MSL
tsk_2126 16.907887 0.25273058 1.1428386 -0.6897752 -2.7723203 MSL
tsk_2132 16.932045 -1.6161983 -2.927151 1.7618254 -2.6781604 MSL
tsk_2136 17.061008 0.8598976 2.2765837 0.5150017 -1.9507983 MSL
tsk_2138 15.685972 -0.38707876 0.13502534 0.5640262 1.2748173 MSL
tsk_2148 16.91047 -1.1280524 0.8393284 -1.4134604 0.45554322 ESN
tsk_2149 19.123907 -0.9852002 2.0202925 0.639625 -0.69369906 ESN
tsk_2155 16.728556 1.0518713 2.9616184 -2.2025242 -0.22141753 ESN
tsk_2158 16.15951 1.4177636 1.5828905 0.77383554 -0.7619986 ESN
tsk_2160 17.649858 -0.80991507 1.1351633 -0.7580436 -0.20334764 ESN
tsk_2169 15.370808 -1.6728828 0.05230254 -0.8709717 4.3157277 ESN
tsk_2180 16.295353 -2.1633165 1.223379 -0.0804778 2.7806926 ESN
tsk_2183 16.93405 -1.4813638 0.33160385 1.3330641 -1.7382864 ESN
tsk_2186 16.005802 -1.489336 -0.8743658 -0.12558503 0.8999186 MSL
tsk_2188 17.734352 -0.460788 -0.48498547 1.0400771 1.1662623 MSL
tsk_2204 17.31239 0.080838025 -1.0130343 0.84075654 -0.2333769 ESN
tsk_2205 17.192453 -1.6945899 1.6225433 -0.6002269 0.12498679 ESN
tsk_2206 16.631708 -1.7366066 -0.8171293 -0.39118218 1.9089997 ESN
tsk_2210 17.806196 -2.00992 1.8959066 -1.0811273 -0.6320442 ESN
tsk_2211 16.693398 -1.5920087 -0.98834443 0.9986885 -0.09657457 ESN
tsk_2218 16.005148 -0.42754772 -2.1280882 -1.0951471 2.1412063 ESN
tsk_2227 16.717875 0.8945281 1.3512278 -0.25197232 0.76827955 ESN
tsk_2232 16.61615 -2.608006 0.36260238 0.06530531 -0.18011394 MSL
tsk_2235 16.55293 0.6130807 -1.5044799 1.4464939 -0.9001891 MSL
tsk_2244 17.143532 -0.27485272 -1.2215598 1.0868365 -0.60225594 MSL
tsk_2251 16.443277 -2.0597875 -0.20347367 1.0438873 1.3453339 MSL
tsk_2253 16.12152 0.18896472 0.40707472 -2.3353 -0.18698369 MSL
tsk_2259 16.254747 0.9431512 2.1563797 -1.5703223 3.5633 MSL
tsk_2266 17.69701 -1.339731 1.0203171 -1.0634236 -1.8928385 MSL
tsk_2281 16.391113 -1.660664 0.3892513 0.4759484 -0.2943621 ESN
tsk_2292 18.493036 -1.6512195 -0.16035862 -1.3840122 1.148062 MSL
tsk_2620 -5.0415998 -2.1354022 -2.3776512 0.62606186 0.6706946 CEU
tsk_2635 -5.182017 -3.4137049 7.2221127 -4.8011866 4.415609 CEU
tsk_2640 -6.827181 -0.36183816 -0.2261809 -1.3581415 5.104634 CEU
tsk_2651 -6.9586487 -2.8548605 5.441177 -7.60746 5.4220195 CEU
tsk_2655 -5.592479 0.14620519 5.6383953 -7.0479884 0.3241285 CEU
tsk_2656 -6.891593 -1.7494743 3.4023013 -4.0953913 2.9928212 CEU
tsk_2661 -5.4981313 -1.831446 1.9069694 -1.4412214 2.6144707 CEU
tsk_2666 -3.8166058 -2.5586991 -2.679062 3.540835 -2.0017877 CEU
tsk_2679 -4.472797 -1.5121846 -3.807822 -0.13266954 0.23273326 CEU
tsk_2709 -4.8316574 -1.8946229 -0.14647307 -3.2485592 6.358132 CEU
tsk_3137 -0.93730015 0.3023772 -4.475319 -0.5081889 1.131503 MXL
tsk_3140 -4.0643477 9.493583 -4.6811333 -7.4309154 -0.09543409 MXL
tsk_3145 -1.7950121 7.039838 0.064275496 -4.0423856 -1.8445221 MXL
tsk_3163 -2.074893 15.91151 -1.5871902 -0.85525215 -0.43513831 MXL
tsk_3168 -3.9126787 5.005011 -2.658449 -4.594407 1.7729619 MXL
tsk_3169 -4.35148 7.970232 -4.6716127 -0.50055104 -3.215263 MXL
tsk_3175 -3.7330155 12.984043 -7.2958474 -4.241289 -4.903769 MXL
tsk_3184 -2.8158689 16.016 -5.317156 -3.8877609 -5.843158 MXL
tsk_3186 -3.2426064 17.853317 -1.3879124 -7.6057153 0.13425095 MXL
tsk_3193 -1.42976 6.412697 -8.119166 -1.5939537 -4.590211 MXL
tsk_3199 -3.0139525 11.605938 -3.257307 -4.102525 -2.23747 MXL
tsk_3201 -2.1464205 13.689915 -4.1690507 0.04491391 -2.552784 MXL
