1	157100
1	555941
1	1122665
1	1133805
1	1155610
1	1156385
1	1180284
1	1189552
1	1193096
1	1193777
1	1200719
1	1207699
1	1210468
1	1212517
1	1215366
1	2952548
1	3067017
1	3646260
1	3775373
1	3778135
1	4290330
1	4458666
1	4467608
1	4468020
1	4473544
1	4473879
1	4476746
1	4478878
1	4481666
1	4487812
1	4840235
1	4861876
1	4873351
1	4880749
1	5496307
1	5664803
1	6002270
1	6014102
1	6214227
1	6944745
1	7074424
1	7074425
1	7074426
1	7074427
1	7202731
1	7698933
1	7733994
1	7803848
1	7834564
1	8546816
1	9016941
1	9125158
1	9228053
1	9870370
1	10260980
1	10597558
1	11017488
1	11079905
1	11079906
1	11079921
1	11080000
1	11080011
1	11080013
1	11082920
1	11082938
1	11082961
1	11082962
1	11082970
1	11082981
1	11082983
1	11082989
1	11083005
1	11083006
1	11083556
1	11084232
1	11084233
1	11084711
1	11084752
1	11084769
1	11084773
1	11084779
1	11085418
1	11086639
1	11389497
1	11414977
1	11433166
1	11433903
1	11436526
1	13476447
1	13744527
1	13784059
1	13972894
1	14029608
1	14034211
1	14518861
1	14527441
1	14532316
1	14546231
1	14564319
1	14690351
1	14703604
1	14749226
1	14776787
1	14944315
1	14972686
1	14975636
1	15007553
1	15037389
1	15038096
1	15056953
1	15059061
1	16541894
1	16559649
1	17277892
1	17357276
1	17357839
1	17587881
1	19711159
1	19711418
1	19711939
1	19717233
1	19720563
1	19722284
1	20814981
1	22507624
1	22555257
1	22635349
1	22715149
1	22724648
1	22967890
1	23033182
1	23050117
1	23362205
1	23379890
1	23555088
1	23768204
1	24174520
1	24405041
1	24407960
1	24815814
1	24818368
1	24833240
1	24833826
1	24877421
1	24888606
1	25003508
1	25012656
1	25269452
1	25282676
1	26915384
1	27070289
1	27169677
1	27255054
1	27257489
1	27258767
1	27259401
1	27260554
1	27261944
1	27264357
1	27265434
1	27269708
1	27272986
1	27282653
1	27438828
1	27641705
1	28149832
1	28150544
1	28150953
1	28268558
1	28269315
1	28292789
1	28392437
1	28407958
1	28450179
1	28471560
1	29410594
1	29634465
1	30348756
1	30531627
1	30752502
1	31607723
1	32121288
1	32805524
1	32833591
1	32835365
1	32871271
1	32927611
1	32950336
1	32963247
1	32963704
1	32972031
1	32974031
1	32986327
1	33056244
1	33061268
1	33063849
1	33087634
1	33087881
1	33089899
1	33090429
1	33093037
1	33095632
1	33096898
1	33098625
1	33101447
1	33102107
1	33105224
1	33114146
1	33116674
1	33122328
1	33122950
1	33123596
1	33129292
1	33129589
1	33129754
1	33131907
1	33133205
1	33140562
1	33143085
1	33144151
1	33146030
1	33146609
1	33146632
1	33149504
1	33151161
1	33151822
1	33152955
1	33155088
1	33155994
1	33159513
1	33162092
1	33165994
1	33167553
1	33168602
1	33172731
1	33174395
1	33175458
1	33179436
1	33179624
1	33179662
1	33179815
1	33180068
1	33180587
1	33180629
1	33181020
1	33181173
1	33184464
1	33185742
1	33192379
1	33200588
1	33201264
1	33206029
1	33207201
1	33207386
1	33440533
1	33676405
1	33998353
1	34166368
